idx	label	predict	exp_cdf_00	exp_cdf_25	exp_cdf_50	exp_cdf_75	exp_cdf_100	exp_cdf_125	exp_cdf_150	exp_00	exp_25	exp_50	exp_75	exp_100	exp_125	exp_150	correct	time
0	3	3	0.246	0.0973	-0.0761	-0.271	-0.476	-0.665	-0.815	0.245	-0.149	-0.508	-0.765	-0.909	-0.971	-0.993	1	0:00:36.337205
20	7	7	0.41	0.176	-0.0757	-0.322	-0.545	-0.725	-0.855	0.41	0.0306	-0.356	-0.664	-0.856	-0.95	-0.986	1	0:00:36.943170
40	4	4	0.344	0.0855	-0.183	-0.433	-0.642	-0.798	-0.901	0.344	-0.0438	-0.421	-0.709	-0.88	-0.96	-0.989	1	0:00:37.277000
60	7	7	0.881	0.774	0.597	0.339	0.0173	-0.32	-0.61	0.881	0.71	0.424	0.0472	-0.341	-0.653	-0.85	1	0:00:37.256171
80	8	8	0.814	0.696	0.516	0.265	-0.042	-0.36	-0.633	0.814	0.59	0.254	-0.14	-0.501	-0.761	-0.906	1	0:00:37.339722
100	4	-1	0.0	0.0	0.0	0.0	0.0	0.0	0.0	0.0	0.0	0.0	0.0	0.0	0.0	0.0	0	0:00:22.744126
120	8	8	0.208	-0.0395	-0.288	-0.513	-0.697	-0.832	-0.918	0.207	-0.187	-0.539	-0.784	-0.918	-0.975	-0.994	1	0:00:37.520025
140	6	6	0.344	0.131	-0.0906	-0.31	-0.515	-0.694	-0.831	0.344	-0.043	-0.42	-0.708	-0.88	-0.96	-0.989	1	0:00:37.415348
160	2	2	0.212	-0.00229	-0.225	-0.44	-0.631	-0.782	-0.888	0.211	-0.184	-0.536	-0.782	-0.917	-0.974	-0.994	1	0:00:37.097938
180	0	0	0.578	0.435	0.25	0.0217	-0.238	-0.496	-0.712	0.578	0.238	-0.156	-0.514	-0.769	-0.91	-0.972	1	0:00:37.227415
200	5	5	0.114	-0.031	-0.197	-0.38	-0.565	-0.729	-0.855	0.113	-0.28	-0.609	-0.826	-0.937	-0.982	-0.996	1	0:00:36.781795
220	7	7	0.922	0.838	0.686	0.445	0.123	-0.232	-0.551	0.922	0.793	0.553	0.206	-0.189	-0.54	-0.785	1	0:00:36.666019
240	1	1	0.984	0.948	0.856	0.669	0.369	-0.0123	-0.391	0.984	0.944	0.843	0.639	0.321	-0.0682	-0.442	1	0:00:36.640065
260	8	8	0.0839	-0.139	-0.34	-0.516	-0.668	-0.795	-0.889	0.0839	-0.307	-0.629	-0.837	-0.942	-0.983	-0.996	1	0:00:36.446013
280	9	9	0.783	0.643	0.441	0.175	-0.132	-0.434	-0.683	0.783	0.537	0.185	-0.21	-0.556	-0.794	-0.923	1	0:00:36.525607
300	6	6	0.617	0.415	0.169	-0.102	-0.372	-0.609	-0.788	0.617	0.291	-0.101	-0.47	-0.74	-0.896	-0.967	1	0:00:36.677227
320	3	3	0.287	0.151	-0.00515	-0.188	-0.391	-0.594	-0.766	0.286	-0.106	-0.474	-0.743	-0.898	-0.967	-0.992	1	0:00:36.618758
340	2	4	0.0884	-0.0774	-0.254	-0.437	-0.613	-0.764	-0.875	0.0875	-0.304	-0.627	-0.836	-0.941	-0.983	-0.996	0	0:00:36.442344
360	9	9	0.345	0.11	-0.127	-0.351	-0.553	-0.721	-0.848	0.345	-0.0427	-0.42	-0.708	-0.88	-0.96	-0.989	1	0:00:36.532752
380	6	6	0.302	0.132	-0.0499	-0.244	-0.445	-0.635	-0.792	0.301	-0.0899	-0.46	-0.734	-0.893	-0.965	-0.991	1	0:00:36.643949
400	9	9	0.878	0.771	0.592	0.329	0.000112	-0.34	-0.628	0.878	0.705	0.415	0.0372	-0.35	-0.66	-0.854	1	0:00:36.557208
420	4	4	0.53	0.368	0.173	-0.052	-0.297	-0.535	-0.734	0.53	0.176	-0.219	-0.563	-0.799	-0.925	-0.977	1	0:00:36.495384
440	1	1	0.49	0.216	-0.0911	-0.388	-0.633	-0.807	-0.912	0.49	0.126	-0.267	-0.6	-0.82	-0.934	-0.981	1	0:00:36.567250
460	5	5	0.718	0.585	0.401	0.162	-0.121	-0.411	-0.66	0.718	0.436	0.061	-0.328	-0.644	-0.845	-0.946	1	0:00:36.488516
480	8	9	0.463	0.254	0.0169	-0.233	-0.473	-0.677	-0.828	0.463	0.0931	-0.298	-0.623	-0.833	-0.94	-0.983	0	0:00:36.545676
500	4	6	0.233	0.0788	-0.0849	-0.262	-0.451	-0.636	-0.791	0.232	-0.162	-0.519	-0.772	-0.912	-0.973	-0.993	0	0:00:36.502351
520	5	5	0.202	0.0287	-0.157	-0.35	-0.54	-0.71	-0.841	0.201	-0.194	-0.544	-0.787	-0.919	-0.975	-0.994	1	0:00:36.491343
540	1	1	0.664	0.451	0.18	-0.122	-0.413	-0.655	-0.825	0.664	0.356	-0.03	-0.409	-0.701	-0.876	-0.958	1	0:00:36.534153
560	0	0	0.935	0.859	0.713	0.474	0.148	-0.215	-0.542	0.935	0.821	0.601	0.269	-0.124	-0.488	-0.752	1	0:00:36.604208
580	4	4	0.288	0.135	-0.0393	-0.233	-0.437	-0.632	-0.791	0.288	-0.105	-0.472	-0.742	-0.897	-0.967	-0.991	1	0:00:36.557574
600	8	8	0.796	0.67	0.483	0.23	-0.0737	-0.384	-0.648	0.796	0.559	0.213	-0.182	-0.534	-0.781	-0.916	1	0:00:37.041908
620	7	7	0.362	0.181	-0.0138	-0.219	-0.428	-0.625	-0.786	0.362	-0.0234	-0.403	-0.697	-0.874	-0.958	-0.989	1	0:00:36.585990
640	5	3	0.424	0.304	0.152	-0.0395	-0.266	-0.502	-0.709	0.423	0.046	-0.342	-0.654	-0.851	-0.948	-0.985	0	0:00:37.489582
660	9	9	0.677	0.504	0.274	-0.000956	-0.292	-0.558	-0.762	0.677	0.374	-0.00956	-0.391	-0.688	-0.869	-0.956	1	0:00:36.997927
680	9	9	0.0608	-0.108	-0.284	-0.462	-0.63	-0.774	-0.88	0.0599	-0.329	-0.645	-0.846	-0.946	-0.985	-0.997	1	0:00:37.341312
700	7	7	0.692	0.509	0.274	0.00355	-0.278	-0.537	-0.742	0.692	0.397	0.016	-0.369	-0.673	-0.861	-0.952	1	0:00:37.333492
720	4	-1	0.0	0.0	0.0	0.0	0.0	0.0	0.0	0.0	0.0	0.0	0.0	0.0	0.0	0.0	0	0:00:22.772732
740	2	3	0.00989	-0.154	-0.324	-0.493	-0.652	-0.785	-0.885	0.00831	-0.376	-0.678	-0.864	-0.953	-0.987	-0.997	0	0:00:37.245447
760	3	3	0.132	-0.0908	-0.317	-0.528	-0.704	-0.835	-0.92	0.131	-0.262	-0.596	-0.818	-0.933	-0.98	-0.995	1	0:00:36.997548
780	9	9	0.364	0.111	-0.158	-0.413	-0.628	-0.79	-0.896	0.364	-0.0208	-0.401	-0.695	-0.873	-0.957	-0.988	1	0:00:37.343212
800	7	7	0.985	0.95	0.859	0.673	0.372	-0.00993	-0.39	0.985	0.948	0.851	0.654	0.342	-0.0457	-0.423	1	0:00:37.244234
820	6	-1	0.0	0.0	0.0	0.0	0.0	0.0	0.0	0.0	0.0	0.0	0.0	0.0	0.0	0.0	0	0:00:22.777909
840	7	7	0.982	0.944	0.847	0.654	0.348	-0.0331	-0.408	0.983	0.939	0.831	0.619	0.293	-0.0986	-0.467	1	0:00:37.048241
860	4	4	0.276	0.0851	-0.126	-0.345	-0.552	-0.727	-0.856	0.276	-0.117	-0.482	-0.749	-0.9	-0.968	-0.992	1	0:00:37.444030
880	8	8	0.91	0.819	0.659	0.409	0.0828	-0.27	-0.579	0.91	0.768	0.513	0.154	-0.24	-0.58	-0.808	1	0:00:37.214262
900	2	2	0.0314	-0.108	-0.257	-0.417	-0.58	-0.73	-0.85	0.03	-0.356	-0.664	-0.856	-0.95	-0.986	-0.997	1	0:00:36.864544
920	6	6	0.224	0.0585	-0.116	-0.301	-0.49	-0.668	-0.812	0.223	-0.172	-0.526	-0.776	-0.914	-0.973	-0.993	1	0:00:37.030982
940	9	9	0.907	0.815	0.651	0.399	0.0699	-0.282	-0.588	0.907	0.763	0.505	0.145	-0.249	-0.587	-0.812	1	0:00:36.926072
960	9	9	0.737	0.596	0.403	0.155	-0.132	-0.422	-0.668	0.737	0.464	0.0952	-0.296	-0.621	-0.833	-0.94	1	0:00:36.635674
980	2	6	0.123	-0.0624	-0.245	-0.423	-0.592	-0.74	-0.856	0.123	-0.27	-0.602	-0.822	-0.935	-0.981	-0.996	0	0:00:36.905758
1000	5	5	0.862	0.764	0.604	0.364	0.0548	-0.281	-0.58	0.862	0.675	0.372	-0.0125	-0.394	-0.69	-0.87	1	0:00:36.918583
1020	1	1	0.933	0.861	0.722	0.492	0.173	-0.189	-0.521	0.934	0.818	0.597	0.263	-0.131	-0.494	-0.756	1	0:00:36.864930
1040	7	5	0.534	0.366	0.163	-0.0705	-0.32	-0.557	-0.75	0.534	0.181	-0.214	-0.56	-0.797	-0.924	-0.977	0	0:00:37.034073
1060	9	9	0.945	0.875	0.738	0.507	0.185	-0.182	-0.517	0.945	0.844	0.642	0.325	-0.064	-0.438	-0.72	1	0:00:36.974005
1080	6	6	0.408	0.208	-0.021	-0.264	-0.498	-0.697	-0.841	0.408	0.0288	-0.357	-0.665	-0.857	-0.95	-0.986	1	0:00:36.852071
1100	7	-1	0.0	0.0	0.0	0.0	0.0	0.0	0.0	0.0	0.0	0.0	0.0	0.0	0.0	0.0	0	0:00:22.747399
1120	5	5	0.0329	-0.132	-0.299	-0.465	-0.623	-0.763	-0.87	0.0321	-0.354	-0.663	-0.856	-0.95	-0.986	-0.997	1	0:00:36.659845
1140	6	6	0.292	0.0973	-0.109	-0.318	-0.52	-0.697	-0.834	0.292	-0.0997	-0.468	-0.74	-0.896	-0.966	-0.991	1	0:00:36.920376
1160	8	8	0.127	-0.125	-0.361	-0.564	-0.725	-0.843	-0.921	0.127	-0.266	-0.599	-0.82	-0.934	-0.981	-0.995	1	0:00:37.015781
1180	3	3	0.482	0.36	0.202	-0.000205	-0.24	-0.487	-0.702	0.481	0.116	-0.277	-0.607	-0.824	-0.936	-0.981	1	0:00:36.969248
1200	8	8	0.461	0.21	-0.0698	-0.345	-0.583	-0.764	-0.883	0.461	0.0915	-0.3	-0.624	-0.834	-0.941	-0.983	1	0:00:36.921989
1220	9	-1	0.0	0.0	0.0	0.0	0.0	0.0	0.0	0.0	0.0	0.0	0.0	0.0	0.0	0.0	0	0:00:22.848963
1240	2	6	0.548	0.395	0.206	-0.0189	-0.269	-0.515	-0.722	0.548	0.199	-0.196	-0.546	-0.788	-0.92	-0.975	0	0:00:36.938596
1260	1	9	0.408	0.157	-0.121	-0.392	-0.624	-0.795	-0.903	0.408	0.0287	-0.357	-0.665	-0.857	-0.95	-0.986	0	0:00:37.059046
1280	3	3	0.0505	-0.133	-0.324	-0.51	-0.678	-0.812	-0.905	0.0495	-0.339	-0.652	-0.85	-0.947	-0.985	-0.997	1	0:00:36.894811
1300	4	3	0.355	0.203	0.03	-0.167	-0.38	-0.589	-0.764	0.355	-0.0318	-0.411	-0.702	-0.876	-0.959	-0.989	0	0:00:36.793701
1320	7	-1	0.0	0.0	0.0	0.0	0.0	0.0	0.0	0.0	0.0	0.0	0.0	0.0	0.0	0.0	0	0:00:22.720604
1340	1	1	0.899	0.806	0.645	0.4	0.0795	-0.267	-0.574	0.9	0.747	0.48	0.114	-0.279	-0.609	-0.825	1	0:00:36.688107
1360	7	7	0.64	0.484	0.286	0.0455	-0.222	-0.485	-0.706	0.64	0.321	-0.0682	-0.442	-0.722	-0.887	-0.963	1	0:00:36.483497
1380	4	5	0.205	0.0381	-0.138	-0.323	-0.511	-0.685	-0.824	0.204	-0.191	-0.541	-0.785	-0.918	-0.975	-0.994	0	0:00:36.623740
1400	5	3	0.162	0.0205	-0.14	-0.318	-0.506	-0.682	-0.823	0.161	-0.233	-0.575	-0.805	-0.928	-0.978	-0.995	0	0:00:36.657481
1420	4	7	0.103	-0.115	-0.324	-0.513	-0.676	-0.806	-0.898	0.103	-0.289	-0.616	-0.829	-0.939	-0.982	-0.996	0	0:00:36.579057
1440	0	0	0.119	-0.11	-0.335	-0.538	-0.706	-0.833	-0.916	0.119	-0.274	-0.605	-0.823	-0.936	-0.981	-0.996	1	0:00:36.497116
1460	6	6	0.685	0.531	0.327	0.0757	-0.204	-0.478	-0.704	0.685	0.387	0.00435	-0.379	-0.68	-0.865	-0.954	1	0:00:36.626933
1480	1	1	0.306	0.0923	-0.129	-0.347	-0.548	-0.719	-0.847	0.305	-0.0854	-0.456	-0.732	-0.892	-0.965	-0.991	1	0:00:37.135500
1500	1	1	0.793	0.638	0.412	0.121	-0.199	-0.498	-0.73	0.793	0.555	0.207	-0.187	-0.539	-0.784	-0.918	1	0:00:36.941178
1520	7	7	0.578	0.42	0.225	-0.00616	-0.261	-0.511	-0.72	0.578	0.238	-0.156	-0.514	-0.769	-0.91	-0.972	1	0:00:36.601441
1540	8	8	0.895	0.805	0.648	0.407	0.09	-0.257	-0.567	0.895	0.738	0.466	0.0969	-0.295	-0.62	-0.832	1	0:00:36.939499
1560	7	7	0.988	0.956	0.871	0.691	0.396	0.0145	-0.37	0.988	0.956	0.87	0.689	0.392	0.00998	-0.374	1	0:00:37.248545
1580	6	1	0.147	-0.0665	-0.268	-0.452	-0.617	-0.758	-0.867	0.147	-0.247	-0.585	-0.812	-0.93	-0.979	-0.995	0	0:00:37.268138
1600	8	9	0.109	-0.0831	-0.273	-0.457	-0.626	-0.769	-0.876	0.109	-0.283	-0.612	-0.827	-0.938	-0.982	-0.996	0	0:00:37.175148
1620	5	-1	0.0	0.0	0.0	0.0	0.0	0.0	0.0	0.0	0.0	0.0	0.0	0.0	0.0	0.0	0	0:00:22.830372
1640	7	3	0.209	0.0501	-0.135	-0.337	-0.539	-0.715	-0.848	0.208	-0.187	-0.539	-0.784	-0.918	-0.975	-0.994	0	0:00:37.282707
1660	3	3	0.0396	-0.122	-0.288	-0.457	-0.619	-0.761	-0.87	0.0386	-0.348	-0.659	-0.853	-0.949	-0.986	-0.997	1	0:00:37.248702
1680	6	6	0.604	0.439	0.237	-0.000356	-0.259	-0.51	-0.719	0.604	0.273	-0.119	-0.485	-0.75	-0.901	-0.968	1	0:00:37.221335
1700	5	5	0.0309	-0.119	-0.274	-0.435	-0.596	-0.743	-0.859	0.0298	-0.356	-0.664	-0.856	-0.95	-0.986	-0.997	1	0:00:37.202258
1720	4	4	0.0555	-0.121	-0.299	-0.473	-0.637	-0.777	-0.881	0.0548	-0.334	-0.648	-0.848	-0.947	-0.985	-0.997	1	0:00:37.364273
1740	1	1	0.436	0.21	-0.045	-0.304	-0.541	-0.731	-0.863	0.436	0.061	-0.328	-0.644	-0.845	-0.946	-0.985	1	0:00:37.243808
1760	0	0	0.499	0.287	0.046	-0.208	-0.453	-0.662	-0.819	0.499	0.137	-0.257	-0.592	-0.816	-0.932	-0.98	1	0:00:36.831023
1780	7	7	0.484	0.308	0.101	-0.132	-0.374	-0.599	-0.777	0.484	0.118	-0.274	-0.605	-0.823	-0.936	-0.981	1	0:00:36.798367
1800	4	4	0.00232	-0.156	-0.312	-0.468	-0.62	-0.757	-0.865	0.00162	-0.381	-0.682	-0.866	-0.954	-0.988	-0.997	1	0:00:36.848702
1820	8	8	0.459	0.206	-0.0764	-0.354	-0.594	-0.774	-0.891	0.459	0.0887	-0.302	-0.626	-0.835	-0.941	-0.983	1	0:00:37.042557
1840	8	-1	0.0	0.0	0.0	0.0	0.0	0.0	0.0	0.0	0.0	0.0	0.0	0.0	0.0	0.0	0	0:00:22.777329
1860	8	8	0.832	0.706	0.513	0.249	-0.0655	-0.383	-0.65	0.832	0.621	0.295	-0.0962	-0.465	-0.738	-0.895	1	0:00:36.975599
1880	1	1	0.862	0.728	0.515	0.223	-0.114	-0.438	-0.695	0.862	0.675	0.371	-0.0133	-0.395	-0.691	-0.871	1	0:00:37.031909
1900	8	8	0.976	0.933	0.829	0.629	0.319	-0.061	-0.43	0.977	0.923	0.795	0.556	0.21	-0.185	-0.537	1	0:00:37.033679
1920	2	2	0.763	0.618	0.413	0.149	-0.153	-0.448	-0.69	0.763	0.505	0.144	-0.25	-0.587	-0.813	-0.931	1	0:00:36.767571
1940	5	-1	0.0	0.0	0.0	0.0	0.0	0.0	0.0	0.0	0.0	0.0	0.0	0.0	0.0	0.0	0	0:00:22.768652
1960	2	5	0.269	0.0522	-0.177	-0.401	-0.602	-0.763	-0.877	0.269	-0.125	-0.489	-0.753	-0.902	-0.969	-0.992	0	0:00:37.181058
1980	9	9	0.958	0.903	0.786	0.574	0.262	-0.111	-0.465	0.959	0.876	0.701	0.41	0.0307	-0.356	-0.664	1	0:00:36.887097
2000	1	1	0.0996	-0.138	-0.368	-0.572	-0.735	-0.854	-0.929	0.0995	-0.292	-0.618	-0.831	-0.939	-0.982	-0.996	1	0:00:36.761294
2020	9	9	0.947	0.879	0.744	0.515	0.192	-0.177	-0.515	0.947	0.849	0.65	0.336	-0.0524	-0.428	-0.713	1	0:00:36.804948
2040	0	0	0.584	0.377	0.125	-0.152	-0.422	-0.652	-0.818	0.584	0.245	-0.149	-0.508	-0.765	-0.908	-0.971	1	0:00:37.188486
2060	5	3	0.334	0.185	0.0103	-0.189	-0.403	-0.609	-0.779	0.333	-0.0552	-0.431	-0.715	-0.883	-0.961	-0.99	0	0:00:36.727429
2080	1	1	0.265	0.0103	-0.251	-0.49	-0.687	-0.829	-0.918	0.265	-0.128	-0.491	-0.754	-0.903	-0.969	-0.992	1	0:00:36.696946
2100	2	2	0.478	0.282	0.0521	-0.197	-0.441	-0.655	-0.815	0.478	0.112	-0.281	-0.61	-0.826	-0.937	-0.982	1	0:00:36.783262
2120	4	8	0.334	0.133	-0.078	-0.291	-0.496	-0.678	-0.821	0.334	-0.0541	-0.43	-0.714	-0.883	-0.961	-0.99	0	0:00:36.797147
2140	9	9	0.921	0.829	0.664	0.406	0.0726	-0.283	-0.591	0.921	0.791	0.551	0.203	-0.192	-0.542	-0.786	1	0:00:37.014320
2160	0	0	0.359	0.0845	-0.203	-0.466	-0.678	-0.828	-0.919	0.359	-0.0269	-0.406	-0.699	-0.875	-0.958	-0.989	1	0:00:36.801095
2180	4	4	0.435	0.294	0.12	-0.0896	-0.323	-0.553	-0.745	0.435	0.0598	-0.329	-0.645	-0.846	-0.946	-0.985	1	0:00:36.852151
2200	0	-1	0.0	0.0	0.0	0.0	0.0	0.0	0.0	0.0	0.0	0.0	0.0	0.0	0.0	0.0	0	0:00:22.760329
2220	1	1	0.963	0.91	0.795	0.586	0.274	-0.1	-0.457	0.963	0.887	0.722	0.441	0.0678	-0.322	-0.64	1	0:00:37.541039
2240	9	9	0.0249	-0.182	-0.381	-0.561	-0.714	-0.833	-0.914	0.0246	-0.361	-0.668	-0.858	-0.951	-0.986	-0.997	1	0:00:37.276273
2260	4	4	0.504	0.352	0.166	-0.0526	-0.295	-0.533	-0.733	0.504	0.144	-0.25	-0.587	-0.813	-0.931	-0.98	1	0:00:37.327254
2280	4	-1	0.0	0.0	0.0	0.0	0.0	0.0	0.0	0.0	0.0	0.0	0.0	0.0	0.0	0.0	0	0:00:22.829411
2300	3	-1	0.0	0.0	0.0	0.0	0.0	0.0	0.0	0.0	0.0	0.0	0.0	0.0	0.0	0.0	0	0:00:22.963248
2320	5	2	0.511	0.331	0.123	-0.107	-0.346	-0.572	-0.757	0.511	0.152	-0.242	-0.581	-0.809	-0.929	-0.979	0	0:00:37.439511
2340	7	7	0.981	0.94	0.841	0.646	0.34	-0.0408	-0.414	0.981	0.934	0.819	0.598	0.264	-0.129	-0.492	1	0:00:37.177782
2360	7	7	0.147	-0.0794	-0.301	-0.505	-0.677	-0.811	-0.903	0.147	-0.247	-0.585	-0.811	-0.93	-0.979	-0.995	1	0:00:37.338064
2380	8	8	0.796	0.652	0.443	0.171	-0.14	-0.442	-0.688	0.796	0.559	0.213	-0.182	-0.534	-0.781	-0.916	1	0:00:37.323490
2400	0	0	0.752	0.572	0.323	0.0214	-0.293	-0.57	-0.775	0.752	0.487	0.123	-0.27	-0.602	-0.821	-0.935	1	0:00:37.212176
2420	8	-1	0.0	0.0	0.0	0.0	0.0	0.0	0.0	0.0	0.0	0.0	0.0	0.0	0.0	0.0	0	0:00:22.793332
2440	7	7	0.564	0.36	0.119	-0.142	-0.399	-0.624	-0.795	0.564	0.22	-0.175	-0.529	-0.778	-0.915	-0.974	1	0:00:37.314224
2460	9	-1	0.0	0.0	0.0	0.0	0.0	0.0	0.0	0.0	0.0	0.0	0.0	0.0	0.0	0.0	0	0:00:22.832855
2480	8	8	0.867	0.754	0.573	0.313	-0.00808	-0.34	-0.623	0.867	0.684	0.385	0.00186	-0.381	-0.682	-0.866	1	0:00:36.788713
2500	4	4	0.0214	-0.136	-0.301	-0.47	-0.632	-0.773	-0.878	0.02	-0.365	-0.67	-0.86	-0.952	-0.987	-0.997	1	0:00:36.821929
2520	1	1	0.51	0.306	0.0709	-0.182	-0.429	-0.645	-0.809	0.51	0.151	-0.243	-0.582	-0.81	-0.93	-0.979	1	0:00:36.861993
2540	2	-1	0.0	0.0	0.0	0.0	0.0	0.0	0.0	0.0	0.0	0.0	0.0	0.0	0.0	0.0	0	0:00:22.788804
2560	7	7	0.315	0.119	-0.0828	-0.286	-0.485	-0.667	-0.812	0.315	-0.0749	-0.448	-0.726	-0.889	-0.964	-0.991	1	0:00:36.707911
2580	6	6	0.0197	-0.193	-0.391	-0.565	-0.712	-0.827	-0.908	0.0195	-0.366	-0.671	-0.86	-0.952	-0.987	-0.997	1	0:00:36.825920
2600	8	8	0.92	0.842	0.699	0.467	0.15	-0.207	-0.532	0.92	0.789	0.547	0.198	-0.196	-0.546	-0.788	1	0:00:36.964330
2620	1	1	0.44	0.208	-0.0429	-0.293	-0.522	-0.711	-0.848	0.44	0.066	-0.323	-0.641	-0.844	-0.945	-0.984	1	0:00:36.883965
2640	7	7	0.822	0.698	0.51	0.254	-0.0552	-0.371	-0.64	0.822	0.604	0.272	-0.121	-0.485	-0.751	-0.901	1	0:00:36.706553
2660	3	5	0.0384	-0.12	-0.281	-0.444	-0.603	-0.746	-0.859	0.0375	-0.349	-0.659	-0.854	-0.949	-0.986	-0.997	0	0:00:37.108183
2680	0	0	0.966	0.92	0.818	0.623	0.321	-0.0533	-0.42	0.966	0.894	0.736	0.462	0.0925	-0.299	-0.623	1	0:00:37.245738
2700	9	9	0.442	0.191	-0.0894	-0.365	-0.602	-0.779	-0.893	0.442	0.0688	-0.321	-0.639	-0.843	-0.944	-0.984	1	0:00:37.195645
2720	3	3	0.37	0.199	0.00345	-0.212	-0.434	-0.638	-0.8	0.369	-0.0154	-0.396	-0.692	-0.871	-0.957	-0.988	1	0:00:37.124910
2740	1	1	0.548	0.389	0.196	-0.0295	-0.277	-0.521	-0.725	0.548	0.199	-0.195	-0.545	-0.788	-0.919	-0.975	1	0:00:37.001153
2760	2	2	0.441	0.266	0.0626	-0.163	-0.396	-0.611	-0.783	0.441	0.0674	-0.322	-0.64	-0.843	-0.945	-0.984	1	0:00:37.241917
2780	7	7	0.966	0.912	0.795	0.582	0.267	-0.109	-0.465	0.966	0.894	0.735	0.462	0.0919	-0.299	-0.624	1	0:00:37.177274
2800	4	4	0.0666	-0.129	-0.326	-0.516	-0.683	-0.815	-0.906	0.066	-0.323	-0.641	-0.844	-0.945	-0.984	-0.996	1	0:00:37.113475
2820	6	6	0.829	0.71	0.529	0.278	-0.0283	-0.347	-0.623	0.83	0.616	0.289	-0.103	-0.471	-0.741	-0.897	1	0:00:37.090801
2840	3	3	0.847	0.795	0.694	0.511	0.231	-0.115	-0.456	0.847	0.646	0.331	-0.0576	-0.433	-0.716	-0.884	1	0:00:37.186424
2860	5	-1	0.0	0.0	0.0	0.0	0.0	0.0	0.0	0.0	0.0	0.0	0.0	0.0	0.0	0.0	0	0:00:22.809634
2880	4	4	0.804	0.704	0.548	0.321	0.0264	-0.296	-0.585	0.804	0.572	0.23	-0.164	-0.521	-0.773	-0.912	1	0:00:37.278011
2900	3	5	0.0458	-0.0969	-0.243	-0.398	-0.559	-0.711	-0.837	0.0451	-0.343	-0.655	-0.851	-0.948	-0.985	-0.997	0	0:00:36.891072
2920	2	3	0.209	0.0759	-0.0791	-0.257	-0.451	-0.639	-0.794	0.208	-0.187	-0.539	-0.784	-0.918	-0.975	-0.994	0	0:00:37.018235
2940	3	0	0.573	0.406	0.199	-0.0411	-0.299	-0.543	-0.743	0.573	0.231	-0.163	-0.52	-0.772	-0.912	-0.973	0	0:00:36.913650
2960	9	9	0.383	0.177	-0.0518	-0.289	-0.514	-0.705	-0.845	0.382	-0.000604	-0.383	-0.683	-0.867	-0.955	-0.988	1	0:00:36.764376
2980	8	8	0.565	0.326	0.0386	-0.262	-0.532	-0.74	-0.875	0.565	0.221	-0.173	-0.528	-0.777	-0.914	-0.974	1	0:00:36.725073
3000	5	5	0.849	0.752	0.596	0.364	0.0616	-0.271	-0.57	0.849	0.65	0.337	-0.0516	-0.428	-0.713	-0.882	1	0:00:36.890793
3020	1	1	0.842	0.697	0.472	0.174	-0.161	-0.476	-0.719	0.842	0.638	0.32	-0.0698	-0.443	-0.723	-0.888	1	0:00:36.959055
3040	7	7	0.988	0.956	0.871	0.691	0.396	0.0147	-0.37	0.988	0.956	0.871	0.691	0.395	0.0132	-0.371	1	0:00:36.823194
3060	7	7	0.753	0.586	0.357	0.0767	-0.225	-0.505	-0.727	0.753	0.49	0.126	-0.267	-0.6	-0.82	-0.934	1	0:00:36.775512
3080	1	1	0.317	0.109	-0.109	-0.327	-0.532	-0.709	-0.842	0.317	-0.0732	-0.446	-0.725	-0.889	-0.964	-0.99	1	0:00:37.388044
3100	0	0	0.577	0.44	0.263	0.0383	-0.222	-0.484	-0.705	0.576	0.236	-0.158	-0.516	-0.77	-0.911	-0.972	1	0:00:37.222898
3120	4	-1	0.0	0.0	0.0	0.0	0.0	0.0	0.0	0.0	0.0	0.0	0.0	0.0	0.0	0.0	0	0:00:22.784824
3140	8	8	0.685	0.483	0.219	-0.0836	-0.382	-0.634	-0.813	0.685	0.386	0.004	-0.379	-0.68	-0.865	-0.954	1	0:00:37.304855
3160	6	2	0.142	-0.0256	-0.2	-0.38	-0.556	-0.716	-0.842	0.142	-0.252	-0.589	-0.814	-0.931	-0.98	-0.995	0	0:00:37.328622
3180	3	3	0.106	-0.0598	-0.246	-0.442	-0.627	-0.78	-0.888	0.105	-0.287	-0.615	-0.829	-0.938	-0.982	-0.996	1	0:00:37.227999
3200	5	7	0.119	-0.116	-0.335	-0.526	-0.685	-0.809	-0.898	0.119	-0.274	-0.605	-0.823	-0.936	-0.981	-0.996	0	0:00:37.146688
3220	3	9	0.0435	-0.142	-0.315	-0.475	-0.625	-0.758	-0.864	0.0432	-0.344	-0.656	-0.852	-0.948	-0.986	-0.997	0	0:00:37.330402
3240	4	-1	0.0	0.0	0.0	0.0	0.0	0.0	0.0	0.0	0.0	0.0	0.0	0.0	0.0	0.0	0	0:00:22.878132
3260	7	7	0.826	0.69	0.482	0.203	-0.119	-0.433	-0.687	0.826	0.611	0.282	-0.111	-0.477	-0.745	-0.899	1	0:00:37.400592
3280	3	5	0.316	0.125	-0.0773	-0.284	-0.486	-0.669	-0.814	0.316	-0.0746	-0.447	-0.726	-0.889	-0.964	-0.991	0	0:00:37.170862
3300	4	4	0.217	0.0457	-0.133	-0.318	-0.505	-0.679	-0.819	0.217	-0.178	-0.531	-0.779	-0.915	-0.974	-0.994	1	0:00:37.008240
3320	2	7	0.768	0.631	0.437	0.184	-0.111	-0.409	-0.661	0.769	0.514	0.156	-0.238	-0.578	-0.808	-0.929	0	0:00:36.639128
3340	6	6	0.349	0.17	-0.0224	-0.226	-0.435	-0.632	-0.792	0.349	-0.0384	-0.416	-0.705	-0.878	-0.959	-0.989	1	0:00:36.671809
3360	4	4	0.0844	-0.0931	-0.279	-0.465	-0.638	-0.782	-0.886	0.0836	-0.307	-0.629	-0.837	-0.942	-0.983	-0.996	1	0:00:36.564596
3380	8	8	0.894	0.791	0.615	0.354	0.0252	-0.319	-0.612	0.894	0.736	0.463	0.0934	-0.298	-0.623	-0.833	1	0:00:36.443037
3400	6	4	0.367	0.18	-0.0266	-0.245	-0.462	-0.658	-0.811	0.367	-0.0184	-0.399	-0.694	-0.872	-0.957	-0.988	0	0:00:36.802458
3420	5	3	0.0554	-0.0654	-0.202	-0.357	-0.524	-0.687	-0.822	0.0533	-0.335	-0.649	-0.848	-0.947	-0.985	-0.997	0	0:00:36.638158
3440	2	3	0.204	0.0586	-0.112	-0.304	-0.505	-0.689	-0.831	0.203	-0.192	-0.543	-0.786	-0.919	-0.975	-0.994	0	0:00:36.579895
3460	1	1	0.684	0.487	0.233	-0.0587	-0.351	-0.605	-0.792	0.684	0.385	0.00233	-0.381	-0.681	-0.866	-0.954	1	0:00:36.513274
3480	2	2	0.886	0.817	0.693	0.486	0.191	-0.157	-0.49	0.886	0.72	0.439	0.0645	-0.325	-0.642	-0.844	1	0:00:36.708513
3500	1	1	0.403	0.161	-0.101	-0.359	-0.585	-0.76	-0.879	0.403	0.0234	-0.362	-0.668	-0.859	-0.951	-0.987	1	0:00:36.698350
3520	1	1	0.964	0.905	0.778	0.554	0.23	-0.146	-0.495	0.964	0.889	0.726	0.447	0.0747	-0.315	-0.635	1	0:00:36.627002
3540	6	6	0.639	0.466	0.249	-0.00374	-0.273	-0.528	-0.734	0.639	0.321	-0.069	-0.443	-0.723	-0.887	-0.963	1	0:00:36.576485
3560	1	-1	0.0	0.0	0.0	0.0	0.0	0.0	0.0	0.0	0.0	0.0	0.0	0.0	0.0	0.0	0	0:00:22.739879
3580	4	4	0.0555	-0.115	-0.29	-0.464	-0.627	-0.768	-0.874	0.0546	-0.334	-0.648	-0.848	-0.947	-0.985	-0.997	1	0:00:36.732666
3600	4	2	0.702	0.543	0.334	0.0765	-0.208	-0.484	-0.71	0.702	0.411	0.032	-0.354	-0.663	-0.856	-0.95	0	0:00:36.562751
3620	0	-1	0.0	0.0	0.0	0.0	0.0	0.0	0.0	0.0	0.0	0.0	0.0	0.0	0.0	0.0	0	0:00:22.765059
3640	6	2	0.346	0.167	-0.0258	-0.228	-0.435	-0.629	-0.788	0.346	-0.0412	-0.419	-0.707	-0.879	-0.96	-0.989	0	0:00:36.651689
3660	0	0	0.652	0.452	0.202	-0.0793	-0.36	-0.606	-0.79	0.652	0.338	-0.0497	-0.426	-0.712	-0.882	-0.961	1	0:00:36.663351
3680	0	-1	0.0	0.0	0.0	0.0	0.0	0.0	0.0	0.0	0.0	0.0	0.0	0.0	0.0	0.0	0	0:00:22.770126
3700	3	3	0.3	0.171	0.0177	-0.165	-0.371	-0.578	-0.756	0.298	-0.093	-0.463	-0.736	-0.894	-0.966	-0.991	1	0:00:36.689230
3720	2	2	0.898	0.807	0.649	0.406	0.0881	-0.259	-0.567	0.898	0.744	0.476	0.109	-0.284	-0.612	-0.827	1	0:00:36.702339
3740	0	0	0.759	0.598	0.374	0.0938	-0.213	-0.5	-0.727	0.76	0.5	0.138	-0.256	-0.591	-0.815	-0.932	1	0:00:36.670433
3760	7	7	0.88	0.777	0.606	0.355	0.0373	-0.301	-0.596	0.88	0.708	0.421	0.0435	-0.344	-0.656	-0.852	1	0:00:36.471389
3780	4	4	0.0837	-0.0418	-0.184	-0.345	-0.518	-0.685	-0.822	0.0819	-0.309	-0.63	-0.838	-0.942	-0.983	-0.996	1	0:00:36.570215
3800	9	9	0.437	0.247	0.0297	-0.205	-0.438	-0.647	-0.808	0.437	0.062	-0.327	-0.644	-0.845	-0.945	-0.985	1	0:00:36.640554
3820	0	-1	0.0	0.0	0.0	0.0	0.0	0.0	0.0	0.0	0.0	0.0	0.0	0.0	0.0	0.0	0	0:00:22.758808
3840	6	3	0.233	0.0732	-0.111	-0.313	-0.517	-0.699	-0.838	0.232	-0.162	-0.519	-0.772	-0.912	-0.973	-0.993	0	0:00:36.638423
3860	7	7	0.985	0.951	0.861	0.677	0.378	-0.00243	-0.383	0.985	0.948	0.851	0.654	0.341	-0.0466	-0.423	1	0:00:36.545859
3880	6	-1	0.0	0.0	0.0	0.0	0.0	0.0	0.0	0.0	0.0	0.0	0.0	0.0	0.0	0.0	0	0:00:22.761435
3900	3	6	0.341	0.176	-0.00784	-0.21	-0.421	-0.621	-0.785	0.34	-0.0476	-0.424	-0.711	-0.881	-0.961	-0.99	0	0:00:36.835214
3920	7	-1	0.0	0.0	0.0	0.0	0.0	0.0	0.0	0.0	0.0	0.0	0.0	0.0	0.0	0.0	0	0:00:22.753468
3940	6	-1	0.0	0.0	0.0	0.0	0.0	0.0	0.0	0.0	0.0	0.0	0.0	0.0	0.0	0.0	0	0:00:22.809479
3960	2	2	0.715	0.582	0.398	0.158	-0.126	-0.416	-0.664	0.715	0.431	0.056	-0.333	-0.648	-0.847	-0.946	1	0:00:36.761330
3980	9	9	0.187	-0.0158	-0.225	-0.431	-0.618	-0.772	-0.881	0.186	-0.209	-0.555	-0.794	-0.922	-0.976	-0.994	1	0:00:36.747724
4000	8	-1	0.0	0.0	0.0	0.0	0.0	0.0	0.0	0.0	0.0	0.0	0.0	0.0	0.0	0.0	0	0:00:22.747696
4020	8	8	0.327	0.11	-0.125	-0.359	-0.573	-0.746	-0.868	0.327	-0.0625	-0.437	-0.719	-0.886	-0.962	-0.99	1	0:00:36.702996
4040	0	0	0.982	0.945	0.852	0.663	0.361	-0.0192	-0.397	0.982	0.939	0.831	0.618	0.292	-0.1	-0.469	1	0:00:37.675422
4060	6	6	0.249	0.0311	-0.182	-0.381	-0.564	-0.721	-0.844	0.249	-0.145	-0.505	-0.763	-0.908	-0.971	-0.993	1	0:00:36.686545
4080	1	1	0.737	0.558	0.313	0.0195	-0.287	-0.561	-0.767	0.737	0.464	0.095	-0.297	-0.621	-0.833	-0.94	1	0:00:36.594761
4100	7	7	0.987	0.954	0.867	0.685	0.388	0.00708	-0.376	0.987	0.952	0.861	0.673	0.369	-0.016	-0.397	1	0:00:37.132058
4120	4	4	0.657	0.472	0.232	-0.0495	-0.339	-0.595	-0.786	0.657	0.345	-0.0419	-0.419	-0.707	-0.879	-0.96	1	0:00:37.158439
4140	5	5	0.258	0.161	0.0377	-0.123	-0.321	-0.534	-0.725	0.256	-0.137	-0.499	-0.759	-0.906	-0.97	-0.992	1	0:00:37.138657
4160	5	-1	0.0	0.0	0.0	0.0	0.0	0.0	0.0	0.0	0.0	0.0	0.0	0.0	0.0	0.0	0	0:00:22.787864
4180	0	0	0.0714	-0.201	-0.454	-0.66	-0.808	-0.903	-0.957	0.0714	-0.319	-0.637	-0.842	-0.944	-0.984	-0.996	1	0:00:37.137197
4200	4	2	0.0149	-0.144	-0.303	-0.462	-0.615	-0.753	-0.861	0.0138	-0.371	-0.674	-0.862	-0.953	-0.987	-0.997	0	0:00:37.162249
4220	4	0	0.793	0.664	0.471	0.209	-0.1	-0.411	-0.669	0.793	0.554	0.206	-0.188	-0.54	-0.784	-0.918	0	0:00:37.522777
4240	7	0	0.339	0.118	-0.118	-0.35	-0.561	-0.734	-0.859	0.339	-0.0495	-0.426	-0.712	-0.882	-0.961	-0.99	0	0:00:37.245400
4260	8	8	0.902	0.802	0.628	0.367	0.0369	-0.31	-0.607	0.902	0.752	0.488	0.123	-0.27	-0.602	-0.821	1	0:00:37.458503
4280	8	-1	0.0	0.0	0.0	0.0	0.0	0.0	0.0	0.0	0.0	0.0	0.0	0.0	0.0	0.0	0	0:00:23.080646
4300	8	8	0.699	0.556	0.361	0.113	-0.171	-0.453	-0.689	0.699	0.407	0.0278	-0.358	-0.666	-0.857	-0.951	1	0:00:37.382887
4320	1	8	0.014	-0.208	-0.41	-0.584	-0.729	-0.84	-0.917	0.014	-0.371	-0.674	-0.862	-0.953	-0.987	-0.997	0	0:00:37.206074
4340	0	0	0.778	0.616	0.386	0.0965	-0.219	-0.511	-0.737	0.778	0.529	0.175	-0.219	-0.564	-0.799	-0.925	1	0:00:37.302603
4360	6	9	0.0883	-0.143	-0.361	-0.553	-0.711	-0.831	-0.913	0.0881	-0.303	-0.626	-0.835	-0.941	-0.983	-0.996	0	0:00:37.287777
4380	9	9	0.463	0.241	-0.0106	-0.269	-0.509	-0.706	-0.847	0.463	0.0929	-0.299	-0.623	-0.833	-0.94	-0.983	1	0:00:37.129781
4400	3	-1	0.0	0.0	0.0	0.0	0.0	0.0	0.0	0.0	0.0	0.0	0.0	0.0	0.0	0.0	0	0:00:23.084627
4420	5	5	0.159	0.0063	-0.159	-0.337	-0.521	-0.692	-0.829	0.158	-0.236	-0.576	-0.806	-0.928	-0.979	-0.995	1	0:00:37.472648
4440	2	2	0.207	0.0591	-0.0976	-0.269	-0.454	-0.636	-0.79	0.207	-0.188	-0.54	-0.784	-0.918	-0.975	-0.994	1	0:00:37.340205
4460	9	9	0.382	0.127	-0.144	-0.401	-0.62	-0.785	-0.894	0.382	-0.000827	-0.384	-0.683	-0.867	-0.955	-0.988	1	0:00:37.723637
4480	9	9	0.932	0.855	0.71	0.474	0.151	-0.21	-0.536	0.932	0.814	0.59	0.254	-0.14	-0.501	-0.761	1	0:00:37.462512
4500	3	5	0.233	0.075	-0.0989	-0.287	-0.481	-0.663	-0.81	0.232	-0.162	-0.519	-0.772	-0.912	-0.973	-0.993	0	0:00:37.356457
4520	3	6	0.162	0.00372	-0.162	-0.335	-0.513	-0.681	-0.819	0.161	-0.233	-0.574	-0.805	-0.928	-0.978	-0.995	0	0:00:37.482269
4540	9	9	0.904	0.827	0.687	0.463	0.153	-0.199	-0.524	0.904	0.756	0.494	0.132	-0.262	-0.596	-0.818	1	0:00:37.426030
4560	1	1	0.863	0.74	0.544	0.27	-0.0572	-0.385	-0.656	0.863	0.676	0.373	-0.0107	-0.392	-0.689	-0.87	1	0:00:37.126080
4580	6	6	0.0831	-0.125	-0.322	-0.503	-0.663	-0.794	-0.89	0.0829	-0.308	-0.63	-0.837	-0.942	-0.983	-0.996	1	0:00:37.164707
4600	4	7	0.0629	-0.0931	-0.256	-0.423	-0.589	-0.738	-0.854	0.0619	-0.327	-0.644	-0.845	-0.945	-0.985	-0.997	0	0:00:37.292473
4620	7	3	0.114	-0.0571	-0.24	-0.427	-0.605	-0.757	-0.87	0.113	-0.28	-0.609	-0.826	-0.937	-0.982	-0.996	0	0:00:37.174079
4640	2	2	0.202	0.0279	-0.157	-0.348	-0.537	-0.707	-0.839	0.202	-0.193	-0.543	-0.786	-0.919	-0.975	-0.994	1	0:00:37.561545
4660	7	7	0.126	-0.0694	-0.262	-0.446	-0.616	-0.761	-0.87	0.126	-0.268	-0.6	-0.82	-0.935	-0.981	-0.996	1	0:00:37.190711
4680	9	9	0.0128	-0.278	-0.534	-0.729	-0.859	-0.935	-0.973	0.0128	-0.372	-0.675	-0.862	-0.953	-0.987	-0.997	1	0:00:37.398942
4700	6	-1	0.0	0.0	0.0	0.0	0.0	0.0	0.0	0.0	0.0	0.0	0.0	0.0	0.0	0.0	0	0:00:23.104310
4720	8	8	0.181	-0.0995	-0.37	-0.6	-0.771	-0.883	-0.948	0.181	-0.213	-0.559	-0.796	-0.923	-0.977	-0.994	1	0:00:37.357251
4740	5	3	0.305	0.169	0.00932	-0.176	-0.383	-0.588	-0.763	0.304	-0.0866	-0.457	-0.732	-0.892	-0.965	-0.991	0	0:00:37.194401
4760	3	-1	0.0	0.0	0.0	0.0	0.0	0.0	0.0	0.0	0.0	0.0	0.0	0.0	0.0	0.0	0	0:00:23.127957
4780	0	0	0.607	0.428	0.204	-0.0556	-0.327	-0.575	-0.768	0.607	0.276	-0.116	-0.482	-0.748	-0.9	-0.968	1	0:00:37.479520
4800	9	9	0.988	0.956	0.87	0.69	0.394	0.0124	-0.372	0.988	0.955	0.868	0.687	0.389	0.00635	-0.377	1	0:00:37.370552
4820	3	3	0.508	0.375	0.207	-0.00131	-0.243	-0.491	-0.705	0.508	0.148	-0.246	-0.584	-0.811	-0.93	-0.979	1	0:00:37.547249
4840	0	0	0.97	0.925	0.821	0.621	0.314	-0.0637	-0.43	0.97	0.905	0.758	0.497	0.135	-0.259	-0.594	1	0:00:37.090213
4860	5	5	0.651	0.479	0.262	0.00869	-0.263	-0.52	-0.729	0.651	0.338	-0.0504	-0.427	-0.712	-0.882	-0.961	1	0:00:37.369210
4880	0	-1	0.0	0.0	0.0	0.0	0.0	0.0	0.0	0.0	0.0	0.0	0.0	0.0	0.0	0.0	0	0:00:23.066831
4900	3	-1	0.0	0.0	0.0	0.0	0.0	0.0	0.0	0.0	0.0	0.0	0.0	0.0	0.0	0.0	0	0:00:23.091378
4920	7	7	0.914	0.833	0.688	0.455	0.138	-0.218	-0.54	0.914	0.776	0.525	0.17	-0.224	-0.568	-0.801	1	0:00:37.409968
4940	6	6	0.166	-0.039	-0.238	-0.426	-0.598	-0.745	-0.859	0.166	-0.228	-0.571	-0.803	-0.927	-0.978	-0.995	1	0:00:37.310800
4960	4	3	0.0477	-0.137	-0.325	-0.507	-0.67	-0.803	-0.897	0.0468	-0.341	-0.653	-0.851	-0.948	-0.985	-0.997	0	0:00:37.180605
4980	1	9	0.409	0.213	-0.0126	-0.254	-0.488	-0.689	-0.836	0.409	0.0299	-0.356	-0.664	-0.856	-0.95	-0.986	0	0:00:37.241894
5000	7	7	0.986	0.953	0.866	0.684	0.387	0.00644	-0.376	0.986	0.951	0.858	0.668	0.361	-0.0242	-0.404	1	0:00:37.249814
5020	8	8	0.885	0.793	0.637	0.398	0.0833	-0.261	-0.568	0.885	0.717	0.434	0.0592	-0.33	-0.645	-0.846	1	0:00:38.194947
5040	3	-1	0.0	0.0	0.0	0.0	0.0	0.0	0.0	0.0	0.0	0.0	0.0	0.0	0.0	0.0	0	0:00:23.110256
5060	6	6	0.162	-0.00568	-0.174	-0.346	-0.52	-0.684	-0.82	0.162	-0.233	-0.574	-0.805	-0.927	-0.978	-0.995	1	0:00:38.383251
5080	7	7	0.914	0.828	0.674	0.433	0.111	-0.242	-0.558	0.914	0.776	0.527	0.172	-0.223	-0.566	-0.8	1	0:00:38.497758
5100	3	3	0.685	0.58	0.428	0.215	-0.057	-0.353	-0.618	0.685	0.386	0.00395	-0.379	-0.68	-0.865	-0.954	1	0:00:37.339902
5120	9	9	0.477	0.233	-0.0427	-0.319	-0.563	-0.752	-0.878	0.477	0.11	-0.282	-0.611	-0.827	-0.937	-0.982	1	0:00:37.160396
5140	8	8	0.769	0.601	0.363	0.0672	-0.249	-0.536	-0.754	0.769	0.515	0.157	-0.237	-0.578	-0.807	-0.928	1	0:00:37.076879
5160	0	0	0.518	0.3	0.0477	-0.217	-0.467	-0.677	-0.829	0.518	0.161	-0.233	-0.574	-0.805	-0.928	-0.978	1	0:00:37.384689
5180	9	-1	0.0	0.0	0.0	0.0	0.0	0.0	0.0	0.0	0.0	0.0	0.0	0.0	0.0	0.0	0	0:00:23.124465
5200	3	3	0.546	0.446	0.309	0.119	-0.123	-0.392	-0.637	0.545	0.195	-0.2	-0.549	-0.79	-0.92	-0.976	1	0:00:37.257991
5220	0	0	0.492	0.307	0.09	-0.151	-0.397	-0.62	-0.793	0.492	0.129	-0.264	-0.598	-0.819	-0.934	-0.981	1	0:00:37.097794
5240	1	1	0.00879	-0.261	-0.499	-0.687	-0.82	-0.906	-0.956	0.00881	-0.375	-0.677	-0.864	-0.953	-0.987	-0.997	1	0:00:37.219488
5260	0	0	0.945	0.885	0.766	0.555	0.246	-0.121	-0.47	0.945	0.843	0.64	0.322	-0.0671	-0.441	-0.722	1	0:00:37.325241
5280	0	-1	0.0	0.0	0.0	0.0	0.0	0.0	0.0	0.0	0.0	0.0	0.0	0.0	0.0	0.0	0	0:00:23.109814
5300	9	9	0.539	0.322	0.0628	-0.215	-0.477	-0.692	-0.843	0.539	0.188	-0.207	-0.554	-0.793	-0.922	-0.976	1	0:00:37.352699
5320	7	7	0.799	0.646	0.422	0.135	-0.184	-0.483	-0.718	0.799	0.564	0.22	-0.175	-0.529	-0.778	-0.915	1	0:00:37.312245
5340	3	4	0.648	0.508	0.322	0.0858	-0.186	-0.46	-0.691	0.648	0.334	-0.0548	-0.43	-0.715	-0.883	-0.961	0	0:00:37.426687
5360	9	9	0.754	0.625	0.44	0.192	-0.103	-0.404	-0.66	0.754	0.491	0.127	-0.266	-0.599	-0.82	-0.934	1	0:00:37.135781
5380	1	9	0.463	0.209	-0.0749	-0.356	-0.597	-0.778	-0.893	0.463	0.093	-0.298	-0.623	-0.833	-0.94	-0.983	0	0:00:37.182961
5400	9	9	0.796	0.646	0.425	0.139	-0.18	-0.482	-0.719	0.796	0.559	0.213	-0.182	-0.534	-0.781	-0.916	1	0:00:37.273113
5420	6	6	0.58	0.381	0.143	-0.118	-0.379	-0.611	-0.788	0.58	0.24	-0.154	-0.512	-0.768	-0.91	-0.972	1	0:00:37.120689
5440	9	9	0.983	0.947	0.856	0.67	0.371	-0.0085	-0.388	0.983	0.94	0.834	0.623	0.299	-0.0927	-0.462	1	0:00:37.361817
5460	0	0	0.967	0.917	0.807	0.603	0.294	-0.0804	-0.442	0.967	0.897	0.742	0.472	0.104	-0.288	-0.615	1	0:00:37.300856
5480	1	1	0.583	0.366	0.111	-0.159	-0.418	-0.64	-0.805	0.583	0.245	-0.149	-0.508	-0.765	-0.909	-0.971	1	0:00:37.270729
5500	8	8	0.424	0.193	-0.0659	-0.327	-0.563	-0.748	-0.874	0.424	0.0468	-0.341	-0.653	-0.85	-0.948	-0.985	1	0:00:37.317964
5520	4	4	0.000918	-0.171	-0.337	-0.496	-0.645	-0.776	-0.876	0.000212	-0.383	-0.683	-0.866	-0.954	-0.988	-0.997	1	0:00:37.035836
5540	5	-1	0.0	0.0	0.0	0.0	0.0	0.0	0.0	0.0	0.0	0.0	0.0	0.0	0.0	0.0	0	0:00:23.097464
5560	3	5	0.00573	-0.157	-0.32	-0.482	-0.637	-0.774	-0.877	0.00491	-0.379	-0.68	-0.865	-0.954	-0.987	-0.997	0	0:00:37.360488
5580	5	3	0.0543	-0.129	-0.319	-0.505	-0.671	-0.805	-0.899	0.0532	-0.335	-0.649	-0.848	-0.947	-0.985	-0.997	0	0:00:37.294732
5600	6	-1	0.0	0.0	0.0	0.0	0.0	0.0	0.0	0.0	0.0	0.0	0.0	0.0	0.0	0.0	0	0:00:23.035110
5620	3	-1	0.0	0.0	0.0	0.0	0.0	0.0	0.0	0.0	0.0	0.0	0.0	0.0	0.0	0.0	0	0:00:23.124679
5640	2	2	0.251	0.113	-0.0422	-0.219	-0.413	-0.606	-0.772	0.251	-0.143	-0.504	-0.762	-0.907	-0.971	-0.993	1	0:00:37.353457
5660	9	9	0.305	0.0852	-0.146	-0.373	-0.578	-0.746	-0.866	0.305	-0.0863	-0.457	-0.732	-0.892	-0.965	-0.991	1	0:00:37.435379
5680	2	3	0.189	0.0377	-0.14	-0.338	-0.538	-0.715	-0.848	0.187	-0.208	-0.555	-0.793	-0.922	-0.976	-0.994	0	0:00:37.297320
5700	3	-1	0.0	0.0	0.0	0.0	0.0	0.0	0.0	0.0	0.0	0.0	0.0	0.0	0.0	0.0	0	0:00:23.081903
5720	9	9	0.96	0.901	0.777	0.558	0.24	-0.134	-0.483	0.96	0.879	0.706	0.418	0.0398	-0.347	-0.658	1	0:00:37.432872
5740	6	6	0.197	0.0686	-0.078	-0.243	-0.424	-0.607	-0.768	0.195	-0.2	-0.549	-0.79	-0.92	-0.976	-0.994	1	0:00:37.223688
5760	2	2	0.169	-0.0132	-0.203	-0.396	-0.581	-0.74	-0.861	0.168	-0.226	-0.569	-0.802	-0.926	-0.978	-0.995	1	0:00:37.135605
5780	7	7	0.976	0.934	0.834	0.64	0.335	-0.0437	-0.415	0.977	0.923	0.794	0.556	0.209	-0.185	-0.537	1	0:00:37.411408
5800	2	2	0.152	-0.0533	-0.258	-0.453	-0.628	-0.772	-0.877	0.151	-0.243	-0.581	-0.809	-0.93	-0.979	-0.995	1	0:00:37.283237
5820	5	5	0.151	0.0154	-0.127	-0.284	-0.457	-0.632	-0.785	0.15	-0.244	-0.583	-0.81	-0.93	-0.979	-0.995	1	0:00:37.261094
5840	2	2	0.305	0.133	-0.0515	-0.249	-0.452	-0.643	-0.798	0.305	-0.0858	-0.457	-0.732	-0.892	-0.965	-0.991	1	0:00:37.166021
5860	0	0	0.155	-0.107	-0.36	-0.579	-0.75	-0.868	-0.939	0.155	-0.239	-0.579	-0.808	-0.929	-0.979	-0.995	1	0:00:37.203190
5880	0	0	0.906	0.807	0.635	0.376	0.0462	-0.302	-0.602	0.906	0.759	0.499	0.138	-0.256	-0.591	-0.815	1	0:00:37.378645
5900	4	-1	0.0	0.0	0.0	0.0	0.0	0.0	0.0	0.0	0.0	0.0	0.0	0.0	0.0	0.0	0	0:00:23.103699
5920	8	8	0.988	0.956	0.87	0.691	0.395	0.014	-0.37	0.988	0.956	0.869	0.687	0.39	0.00773	-0.376	1	0:00:37.199106
5940	7	4	0.0916	-0.0756	-0.249	-0.425	-0.595	-0.745	-0.861	0.0908	-0.3	-0.624	-0.834	-0.941	-0.983	-0.996	0	0:00:37.254830
5960	2	6	0.151	-0.0448	-0.236	-0.419	-0.59	-0.739	-0.855	0.151	-0.243	-0.582	-0.81	-0.93	-0.979	-0.995	0	0:00:37.332426
5980	9	9	0.973	0.926	0.818	0.614	0.303	-0.0748	-0.439	0.973	0.913	0.774	0.522	0.166	-0.229	-0.571	1	0:00:37.294019
6000	8	8	0.0949	-0.102	-0.298	-0.484	-0.651	-0.788	-0.888	0.0945	-0.297	-0.622	-0.833	-0.94	-0.983	-0.996	1	0:00:37.081271
6020	6	6	0.544	0.364	0.15	-0.0894	-0.339	-0.573	-0.76	0.544	0.194	-0.201	-0.55	-0.79	-0.921	-0.976	1	0:00:37.064150
6040	2	-1	0.0	0.0	0.0	0.0	0.0	0.0	0.0	0.0	0.0	0.0	0.0	0.0	0.0	0.0	0	0:00:23.110837
6060	3	3	0.00897	-0.124	-0.266	-0.418	-0.576	-0.724	-0.845	0.00713	-0.377	-0.678	-0.864	-0.954	-0.987	-0.997	1	0:00:37.220834
6080	1	1	0.613	0.389	0.114	-0.184	-0.462	-0.688	-0.843	0.614	0.286	-0.107	-0.474	-0.743	-0.898	-0.967	1	0:00:37.255049
6100	1	1	0.814	0.689	0.5	0.242	-0.0675	-0.383	-0.649	0.814	0.59	0.254	-0.14	-0.501	-0.761	-0.906	1	0:00:37.250491
6120	5	5	0.528	0.354	0.145	-0.0946	-0.346	-0.581	-0.768	0.528	0.174	-0.221	-0.565	-0.8	-0.925	-0.977	1	0:00:37.356649
6140	9	9	0.839	0.706	0.501	0.222	-0.104	-0.423	-0.682	0.839	0.632	0.312	-0.0788	-0.451	-0.728	-0.89	1	0:00:37.214413
6160	2	2	0.223	0.00815	-0.211	-0.42	-0.608	-0.762	-0.874	0.223	-0.171	-0.526	-0.776	-0.914	-0.973	-0.993	1	0:00:37.032836
6180	0	0	0.52	0.32	0.0834	-0.175	-0.429	-0.649	-0.813	0.52	0.163	-0.231	-0.573	-0.804	-0.927	-0.978	1	0:00:37.470588
6200	3	3	0.245	0.0911	-0.091	-0.295	-0.504	-0.691	-0.834	0.244	-0.15	-0.509	-0.766	-0.909	-0.971	-0.993	1	0:00:37.538585
6220	2	5	0.118	-0.0508	-0.226	-0.404	-0.578	-0.733	-0.853	0.118	-0.275	-0.606	-0.824	-0.936	-0.981	-0.996	0	0:00:37.372570
6240	2	2	0.034	-0.178	-0.389	-0.582	-0.741	-0.858	-0.932	0.0334	-0.353	-0.662	-0.855	-0.95	-0.986	-0.997	1	0:00:37.068576
6260	2	-1	0.0	0.0	0.0	0.0	0.0	0.0	0.0	0.0	0.0	0.0	0.0	0.0	0.0	0.0	0	0:00:23.097198
6280	8	-1	0.0	0.0	0.0	0.0	0.0	0.0	0.0	0.0	0.0	0.0	0.0	0.0	0.0	0.0	0	0:00:23.181859
6300	1	1	0.426	0.227	0.0143	-0.204	-0.421	-0.622	-0.785	0.426	0.0497	-0.338	-0.652	-0.849	-0.947	-0.985	1	0:00:37.332173
6320	0	0	0.528	0.307	0.0431	-0.238	-0.5	-0.711	-0.856	0.528	0.173	-0.221	-0.565	-0.8	-0.925	-0.977	1	0:00:37.353000
6340	3	3	0.435	0.299	0.129	-0.0789	-0.313	-0.546	-0.741	0.434	0.0593	-0.33	-0.645	-0.846	-0.946	-0.985	1	0:00:37.125721
6360	2	2	0.141	-0.0323	-0.21	-0.39	-0.566	-0.724	-0.847	0.14	-0.253	-0.59	-0.814	-0.932	-0.98	-0.995	1	0:00:37.200906
6380	3	-1	0.0	0.0	0.0	0.0	0.0	0.0	0.0	0.0	0.0	0.0	0.0	0.0	0.0	0.0	0	0:00:23.133681
6400	0	-1	0.0	0.0	0.0	0.0	0.0	0.0	0.0	0.0	0.0	0.0	0.0	0.0	0.0	0.0	0	0:00:23.169333
6420	7	7	0.948	0.89	0.771	0.56	0.25	-0.118	-0.468	0.948	0.852	0.656	0.345	-0.0423	-0.42	-0.708	1	0:00:37.305452
6440	3	-1	0.0	0.0	0.0	0.0	0.0	0.0	0.0	0.0	0.0	0.0	0.0	0.0	0.0	0.0	0	0:00:23.174386
6460	3	3	0.102	-0.0437	-0.215	-0.403	-0.59	-0.752	-0.87	0.0997	-0.292	-0.618	-0.831	-0.939	-0.982	-0.996	1	0:00:38.006189
6480	0	0	0.539	0.345	0.115	-0.138	-0.391	-0.617	-0.791	0.539	0.188	-0.207	-0.554	-0.793	-0.922	-0.976	1	0:00:37.489351
6500	7	-1	0.0	0.0	0.0	0.0	0.0	0.0	0.0	0.0	0.0	0.0	0.0	0.0	0.0	0.0	0	0:00:23.192118
6520	6	-1	0.0	0.0	0.0	0.0	0.0	0.0	0.0	0.0	0.0	0.0	0.0	0.0	0.0	0.0	0	0:00:23.165259
6540	8	8	0.758	0.585	0.346	0.0547	-0.254	-0.535	-0.75	0.758	0.497	0.134	-0.259	-0.594	-0.817	-0.933	1	0:00:37.369445
6560	6	6	0.362	0.172	-0.0313	-0.243	-0.455	-0.649	-0.803	0.362	-0.0239	-0.404	-0.697	-0.874	-0.958	-0.989	1	0:00:37.107067
6580	1	1	0.138	-0.0682	-0.269	-0.458	-0.629	-0.772	-0.878	0.138	-0.256	-0.592	-0.815	-0.932	-0.98	-0.995	1	0:00:37.298864
6600	7	7	0.953	0.896	0.777	0.565	0.254	-0.116	-0.467	0.953	0.864	0.678	0.376	-0.00774	-0.39	-0.687	1	0:00:37.326231
6620	7	7	0.864	0.753	0.574	0.317	-0.0016	-0.333	-0.618	0.864	0.679	0.377	-0.00669	-0.389	-0.687	-0.869	1	0:00:37.457469
6640	5	3	0.531	0.379	0.186	-0.045	-0.297	-0.541	-0.741	0.531	0.177	-0.217	-0.562	-0.798	-0.924	-0.977	0	0:00:37.271798
6660	0	0	0.752	0.611	0.411	0.153	-0.145	-0.44	-0.684	0.752	0.488	0.124	-0.269	-0.601	-0.821	-0.935	1	0:00:37.155816
6680	3	3	0.166	0.0177	-0.147	-0.326	-0.51	-0.682	-0.821	0.165	-0.23	-0.572	-0.804	-0.927	-0.978	-0.995	1	0:00:37.457785
6700	6	6	0.228	-0.0507	-0.327	-0.567	-0.751	-0.873	-0.944	0.228	-0.167	-0.523	-0.774	-0.913	-0.973	-0.993	1	0:00:37.257161
6720	2	2	0.264	0.105	-0.0676	-0.255	-0.451	-0.638	-0.793	0.263	-0.13	-0.493	-0.755	-0.904	-0.97	-0.992	1	0:00:37.143868
6740	2	2	0.234	0.0626	-0.12	-0.311	-0.503	-0.678	-0.819	0.234	-0.161	-0.518	-0.771	-0.911	-0.972	-0.993	1	0:00:37.068211
6760	5	5	0.644	0.506	0.326	0.0971	-0.169	-0.441	-0.676	0.644	0.328	-0.0616	-0.436	-0.719	-0.885	-0.962	1	0:00:37.330224
6780	7	7	0.947	0.882	0.754	0.533	0.217	-0.15	-0.492	0.947	0.848	0.649	0.335	-0.0535	-0.429	-0.714	1	0:00:37.179045
6800	6	6	0.00374	-0.198	-0.383	-0.548	-0.692	-0.81	-0.898	0.00348	-0.38	-0.681	-0.865	-0.954	-0.987	-0.997	1	0:00:37.158409
6820	1	1	0.977	0.933	0.828	0.627	0.317	-0.0635	-0.431	0.977	0.924	0.798	0.563	0.218	-0.176	-0.53	1	0:00:37.203119
6840	9	9	0.627	0.415	0.149	-0.144	-0.427	-0.662	-0.827	0.627	0.304	-0.0866	-0.457	-0.732	-0.892	-0.965	1	0:00:37.250933
6860	0	0	0.297	0.077	-0.155	-0.381	-0.584	-0.749	-0.868	0.297	-0.0941	-0.464	-0.737	-0.894	-0.966	-0.991	1	0:00:37.370335
6880	2	2	0.47	0.259	0.0109	-0.252	-0.501	-0.705	-0.849	0.47	0.102	-0.29	-0.617	-0.83	-0.939	-0.982	1	0:00:37.733893
6900	3	-1	0.0	0.0	0.0	0.0	0.0	0.0	0.0	0.0	0.0	0.0	0.0	0.0	0.0	0.0	0	0:00:23.131313
6920	5	-1	0.0	0.0	0.0	0.0	0.0	0.0	0.0	0.0	0.0	0.0	0.0	0.0	0.0	0.0	0	0:00:23.232901
6940	1	1	0.986	0.952	0.864	0.681	0.383	0.00191	-0.38	0.986	0.95	0.857	0.664	0.357	-0.0294	-0.409	1	0:00:37.529366
6960	9	9	0.0797	-0.187	-0.432	-0.635	-0.787	-0.888	-0.948	0.0797	-0.311	-0.632	-0.838	-0.943	-0.984	-0.996	1	0:00:37.308476
6980	0	-1	0.0	0.0	0.0	0.0	0.0	0.0	0.0	0.0	0.0	0.0	0.0	0.0	0.0	0.0	0	0:00:23.123417
7000	2	0	0.0905	-0.0917	-0.276	-0.456	-0.625	-0.769	-0.876	0.09	-0.301	-0.625	-0.835	-0.941	-0.983	-0.996	0	0:00:37.538060
7020	7	7	0.964	0.909	0.788	0.569	0.248	-0.128	-0.481	0.965	0.891	0.73	0.454	0.0821	-0.309	-0.63	1	0:00:37.372270
7040	7	-1	0.0	0.0	0.0	0.0	0.0	0.0	0.0	0.0	0.0	0.0	0.0	0.0	0.0	0.0	0	0:00:23.144208
7060	8	8	0.623	0.406	0.132	-0.17	-0.455	-0.687	-0.845	0.623	0.299	-0.0921	-0.462	-0.735	-0.894	-0.966	1	0:00:37.393135
7080	5	4	0.247	0.0857	-0.0883	-0.276	-0.47	-0.654	-0.805	0.247	-0.147	-0.507	-0.764	-0.908	-0.971	-0.993	0	0:00:37.296749
7100	9	-1	0.0	0.0	0.0	0.0	0.0	0.0	0.0	0.0	0.0	0.0	0.0	0.0	0.0	0.0	0	0:00:23.174540
7120	7	5	0.194	-0.0395	-0.279	-0.502	-0.686	-0.823	-0.913	0.193	-0.202	-0.55	-0.791	-0.921	-0.976	-0.994	0	0:00:37.899946
7140	4	-1	0.0	0.0	0.0	0.0	0.0	0.0	0.0	0.0	0.0	0.0	0.0	0.0	0.0	0.0	0	0:00:23.235816
7160	5	5	0.632	0.482	0.287	0.0452	-0.227	-0.494	-0.715	0.632	0.31	-0.0801	-0.452	-0.729	-0.891	-0.964	1	0:00:37.660992
7180	6	6	0.584	0.4	0.178	-0.0723	-0.331	-0.569	-0.759	0.584	0.246	-0.148	-0.507	-0.764	-0.908	-0.971	1	0:00:37.249719
7200	4	-1	0.0	0.0	0.0	0.0	0.0	0.0	0.0	0.0	0.0	0.0	0.0	0.0	0.0	0.0	0	0:00:23.173116
7220	9	9	0.817	0.679	0.472	0.198	-0.118	-0.427	-0.68	0.818	0.595	0.261	-0.133	-0.495	-0.757	-0.904	1	0:00:37.213374
7240	0	0	0.0617	-0.108	-0.28	-0.454	-0.619	-0.762	-0.871	0.0612	-0.328	-0.644	-0.845	-0.946	-0.985	-0.997	1	0:00:37.312462
7260	1	1	0.522	0.272	-0.0116	-0.295	-0.545	-0.738	-0.869	0.522	0.166	-0.228	-0.571	-0.803	-0.927	-0.978	1	0:00:37.797251
7280	1	9	0.335	0.113	-0.125	-0.362	-0.577	-0.75	-0.871	0.334	-0.054	-0.43	-0.714	-0.883	-0.961	-0.99	0	0:00:37.433019
7300	3	4	0.366	0.168	-0.0452	-0.265	-0.479	-0.669	-0.817	0.366	-0.0191	-0.4	-0.694	-0.872	-0.957	-0.988	0	0:00:37.128102
7320	8	8	0.449	0.186	-0.105	-0.387	-0.623	-0.795	-0.903	0.449	0.0768	-0.314	-0.634	-0.84	-0.943	-0.984	1	0:00:37.153963
7340	2	4	0.089	-0.0819	-0.259	-0.438	-0.608	-0.755	-0.867	0.0882	-0.303	-0.626	-0.835	-0.941	-0.983	-0.996	0	0:00:37.226551
7360	2	-1	0.0	0.0	0.0	0.0	0.0	0.0	0.0	0.0	0.0	0.0	0.0	0.0	0.0	0.0	0	0:00:23.127371
7380	7	7	0.633	0.473	0.271	0.0303	-0.236	-0.495	-0.712	0.633	0.313	-0.0774	-0.45	-0.727	-0.89	-0.964	1	0:00:37.201926
7400	3	3	0.305	0.178	0.0241	-0.16	-0.369	-0.578	-0.756	0.304	-0.0872	-0.458	-0.733	-0.892	-0.965	-0.991	1	0:00:37.185639
7420	3	4	0.112	-0.0792	-0.268	-0.45	-0.619	-0.764	-0.872	0.112	-0.28	-0.61	-0.826	-0.937	-0.982	-0.996	0	0:00:37.172759
7440	3	3	0.305	0.16	-0.00801	-0.201	-0.409	-0.611	-0.779	0.304	-0.087	-0.458	-0.733	-0.892	-0.965	-0.991	1	0:00:37.135059
7460	5	5	0.81	0.685	0.497	0.242	-0.0644	-0.378	-0.644	0.81	0.583	0.244	-0.15	-0.509	-0.766	-0.909	1	0:00:37.295069
7480	1	8	0.554	0.335	0.0717	-0.211	-0.477	-0.695	-0.847	0.554	0.207	-0.188	-0.539	-0.784	-0.918	-0.975	0	0:00:37.181901
7500	6	6	0.984	0.948	0.857	0.671	0.371	-0.01	-0.389	0.984	0.943	0.84	0.635	0.315	-0.0757	-0.448	1	0:00:37.284322
7520	4	4	0.0885	-0.0596	-0.222	-0.395	-0.569	-0.726	-0.849	0.0869	-0.304	-0.627	-0.836	-0.941	-0.983	-0.996	1	0:00:37.434607
7540	5	5	0.888	0.797	0.643	0.407	0.0949	-0.249	-0.559	0.888	0.724	0.444	0.0706	-0.319	-0.638	-0.842	1	0:00:37.233689
7560	0	0	0.386	0.184	-0.0391	-0.272	-0.498	-0.692	-0.837	0.386	0.00368	-0.38	-0.68	-0.865	-0.954	-0.987	1	0:00:37.325861
7580	8	8	0.869	0.753	0.563	0.29	-0.0411	-0.376	-0.653	0.869	0.687	0.389	0.00737	-0.376	-0.678	-0.864	1	0:00:37.242886
7600	8	9	0.234	0.0424	-0.156	-0.357	-0.549	-0.718	-0.847	0.234	-0.161	-0.518	-0.771	-0.911	-0.972	-0.993	0	0:00:37.218013
7620	5	3	0.0884	-0.0635	-0.231	-0.41	-0.587	-0.743	-0.862	0.0869	-0.304	-0.627	-0.836	-0.941	-0.983	-0.996	0	0:00:37.042074
7640	9	9	0.0724	-0.151	-0.363	-0.552	-0.71	-0.831	-0.913	0.0723	-0.318	-0.637	-0.841	-0.944	-0.984	-0.996	1	0:00:37.269574
7660	7	-1	0.0	0.0	0.0	0.0	0.0	0.0	0.0	0.0	0.0	0.0	0.0	0.0	0.0	0.0	0	0:00:23.134458
7680	3	-1	0.0	0.0	0.0	0.0	0.0	0.0	0.0	0.0	0.0	0.0	0.0	0.0	0.0	0.0	0	0:00:23.240685
7700	6	6	0.79	0.661	0.476	0.23	-0.0642	-0.369	-0.633	0.79	0.548	0.199	-0.195	-0.545	-0.788	-0.919	1	0:00:37.271530
7720	5	-1	0.0	0.0	0.0	0.0	0.0	0.0	0.0	0.0	0.0	0.0	0.0	0.0	0.0	0.0	0	0:00:23.207704
7740	4	4	0.13	-0.0324	-0.208	-0.392	-0.573	-0.732	-0.854	0.129	-0.264	-0.597	-0.819	-0.934	-0.981	-0.995	1	0:00:37.330127
7760	2	9	0.256	0.00836	-0.24	-0.467	-0.659	-0.804	-0.901	0.256	-0.138	-0.5	-0.76	-0.906	-0.97	-0.993	0	0:00:37.068760
7780	3	-1	0.0	0.0	0.0	0.0	0.0	0.0	0.0	0.0	0.0	0.0	0.0	0.0	0.0	0.0	0	0:00:23.202231
7800	0	0	0.64	0.492	0.297	0.0549	-0.219	-0.488	-0.71	0.64	0.322	-0.0679	-0.442	-0.722	-0.887	-0.963	1	0:00:37.248984
7820	5	5	0.168	-0.00354	-0.188	-0.38	-0.567	-0.731	-0.855	0.167	-0.227	-0.57	-0.802	-0.926	-0.978	-0.995	1	0:00:37.269150
7840	1	1	0.945	0.88	0.75	0.528	0.212	-0.156	-0.497	0.945	0.844	0.643	0.326	-0.0636	-0.438	-0.72	1	0:00:37.116937
7860	8	8	0.382	0.148	-0.1	-0.343	-0.561	-0.738	-0.864	0.383	-0.000458	-0.383	-0.683	-0.867	-0.955	-0.988	1	0:00:37.251677
7880	0	0	0.196	-0.0317	-0.263	-0.48	-0.664	-0.806	-0.902	0.196	-0.199	-0.548	-0.789	-0.92	-0.976	-0.994	1	0:00:37.445746
7900	0	8	0.0927	-0.0797	-0.251	-0.422	-0.588	-0.737	-0.854	0.0923	-0.299	-0.623	-0.834	-0.94	-0.983	-0.996	0	0:00:37.513980
7920	9	9	0.319	0.117	-0.0951	-0.309	-0.515	-0.696	-0.834	0.319	-0.0711	-0.444	-0.724	-0.888	-0.963	-0.99	1	0:00:37.262862
7940	2	-1	0.0	0.0	0.0	0.0	0.0	0.0	0.0	0.0	0.0	0.0	0.0	0.0	0.0	0.0	0	0:00:23.090008
7960	0	0	0.351	0.157	-0.0529	-0.272	-0.486	-0.676	-0.822	0.351	-0.0359	-0.414	-0.704	-0.878	-0.959	-0.989	1	0:00:37.553052
7980	3	3	0.158	0.0182	-0.139	-0.315	-0.5	-0.676	-0.819	0.157	-0.237	-0.577	-0.807	-0.928	-0.979	-0.995	1	0:00:37.205144
8000	9	9	0.767	0.616	0.401	0.126	-0.183	-0.478	-0.714	0.767	0.511	0.152	-0.242	-0.581	-0.809	-0.929	1	0:00:37.154139
8020	6	3	0.24	0.127	-0.00895	-0.176	-0.372	-0.575	-0.752	0.238	-0.156	-0.514	-0.769	-0.91	-0.972	-0.993	0	0:00:37.193595
8040	2	2	0.727	0.589	0.399	0.152	-0.135	-0.425	-0.671	0.727	0.449	0.0769	-0.313	-0.634	-0.84	-0.943	1	0:00:37.219744
8060	6	6	0.558	0.375	0.157	-0.0882	-0.343	-0.579	-0.767	0.558	0.212	-0.183	-0.536	-0.782	-0.917	-0.974	1	0:00:37.164242
8080	4	-1	0.0	0.0	0.0	0.0	0.0	0.0	0.0	0.0	0.0	0.0	0.0	0.0	0.0	0.0	0	0:00:23.105808
8100	6	-1	0.0	0.0	0.0	0.0	0.0	0.0	0.0	0.0	0.0	0.0	0.0	0.0	0.0	0.0	0	0:00:23.217299
8120	8	9	0.605	0.399	0.145	-0.135	-0.41	-0.644	-0.814	0.605	0.274	-0.118	-0.484	-0.749	-0.901	-0.968	0	0:00:37.300213
8140	5	-1	0.0	0.0	0.0	0.0	0.0	0.0	0.0	0.0	0.0	0.0	0.0	0.0	0.0	0.0	0	0:00:23.177456
8160	6	6	0.797	0.661	0.463	0.201	-0.106	-0.412	-0.668	0.797	0.56	0.214	-0.18	-0.533	-0.781	-0.916	1	0:00:37.266855
8180	4	4	0.0833	-0.0541	-0.204	-0.367	-0.538	-0.699	-0.831	0.0817	-0.309	-0.63	-0.838	-0.942	-0.983	-0.996	1	0:00:37.110379
8200	3	4	0.205	0.0455	-0.127	-0.313	-0.503	-0.68	-0.822	0.204	-0.191	-0.541	-0.785	-0.918	-0.975	-0.994	0	0:00:37.195287
8220	6	-1	0.0	0.0	0.0	0.0	0.0	0.0	0.0	0.0	0.0	0.0	0.0	0.0	0.0	0.0	0	0:00:23.169176
8240	7	7	0.958	0.901	0.784	0.572	0.261	-0.111	-0.464	0.958	0.874	0.697	0.404	0.0239	-0.362	-0.668	1	0:00:37.162845
8260	1	1	0.984	0.949	0.858	0.673	0.374	-0.00692	-0.387	0.984	0.945	0.844	0.641	0.324	-0.0654	-0.439	1	0:00:37.205102
8280	4	5	0.0384	-0.0549	-0.164	-0.3	-0.462	-0.634	-0.785	0.0359	-0.351	-0.66	-0.854	-0.949	-0.986	-0.997	0	0:00:37.367957
8300	5	-1	0.0	0.0	0.0	0.0	0.0	0.0	0.0	0.0	0.0	0.0	0.0	0.0	0.0	0.0	0	0:00:23.191738
8320	7	-1	0.0	0.0	0.0	0.0	0.0	0.0	0.0	0.0	0.0	0.0	0.0	0.0	0.0	0.0	0	0:00:23.276729
8340	5	3	0.231	0.0893	-0.0719	-0.253	-0.448	-0.636	-0.792	0.23	-0.165	-0.521	-0.773	-0.912	-0.973	-0.993	0	0:00:37.296509
8360	7	7	0.934	0.863	0.727	0.502	0.186	-0.175	-0.51	0.934	0.819	0.598	0.264	-0.129	-0.492	-0.755	1	0:00:37.465097
8380	9	9	0.773	0.641	0.454	0.206	-0.0896	-0.392	-0.65	0.773	0.521	0.164	-0.23	-0.572	-0.804	-0.927	1	0:00:37.279832
8400	0	-1	0.0	0.0	0.0	0.0	0.0	0.0	0.0	0.0	0.0	0.0	0.0	0.0	0.0	0.0	0	0:00:23.112645
8420	3	6	0.408	0.22	0.0133	-0.206	-0.426	-0.628	-0.791	0.408	0.0283	-0.358	-0.665	-0.857	-0.951	-0.986	0	0:00:37.268960
8440	5	5	0.0569	-0.0934	-0.247	-0.406	-0.566	-0.715	-0.838	0.0558	-0.333	-0.648	-0.847	-0.946	-0.985	-0.997	1	0:00:37.333421
8460	8	8	0.884	0.786	0.62	0.371	0.0513	-0.291	-0.591	0.885	0.717	0.434	0.0591	-0.33	-0.645	-0.846	1	0:00:37.211174
8480	2	2	0.207	0.0745	-0.0772	-0.253	-0.448	-0.638	-0.796	0.206	-0.189	-0.54	-0.785	-0.918	-0.975	-0.994	1	0:00:37.214827
8500	4	4	0.457	0.297	0.103	-0.12	-0.358	-0.584	-0.767	0.457	0.0863	-0.305	-0.627	-0.836	-0.941	-0.983	1	0:00:37.338296
8520	8	8	0.297	0.0349	-0.238	-0.488	-0.691	-0.834	-0.922	0.297	-0.0943	-0.464	-0.737	-0.894	-0.966	-0.991	1	0:00:37.388526
8540	4	-1	0.0	0.0	0.0	0.0	0.0	0.0	0.0	0.0	0.0	0.0	0.0	0.0	0.0	0.0	0	0:00:23.069057
8560	7	7	0.807	0.67	0.466	0.193	-0.122	-0.432	-0.685	0.807	0.578	0.238	-0.157	-0.515	-0.769	-0.91	1	0:00:37.178284
8580	3	-1	0.0	0.0	0.0	0.0	0.0	0.0	0.0	0.0	0.0	0.0	0.0	0.0	0.0	0.0	0	0:00:23.165397
8600	3	3	0.189	0.0354	-0.138	-0.328	-0.52	-0.696	-0.832	0.187	-0.208	-0.555	-0.793	-0.922	-0.976	-0.994	1	0:00:37.298111
8620	3	-1	0.0	0.0	0.0	0.0	0.0	0.0	0.0	0.0	0.0	0.0	0.0	0.0	0.0	0.0	0	0:00:23.142498
8640	1	1	0.765	0.619	0.412	0.145	-0.159	-0.454	-0.695	0.765	0.508	0.148	-0.246	-0.584	-0.811	-0.93	1	0:00:37.327915
8660	7	7	0.789	0.668	0.487	0.239	-0.0626	-0.374	-0.641	0.789	0.548	0.199	-0.196	-0.546	-0.788	-0.92	1	0:00:37.142814
8680	3	-1	0.0	0.0	0.0	0.0	0.0	0.0	0.0	0.0	0.0	0.0	0.0	0.0	0.0	0.0	0	0:00:23.127389
8700	3	3	0.34	0.166	-0.0346	-0.252	-0.47	-0.665	-0.816	0.339	-0.0487	-0.425	-0.711	-0.882	-0.961	-0.99	1	0:00:37.379725
8720	2	0	0.868	0.767	0.598	0.349	0.0304	-0.308	-0.602	0.868	0.686	0.387	0.00488	-0.379	-0.68	-0.865	0	0:00:37.121096
8740	2	2	0.186	0.0289	-0.138	-0.318	-0.503	-0.677	-0.818	0.185	-0.209	-0.556	-0.794	-0.923	-0.977	-0.994	1	0:00:37.252178
8760	8	8	0.959	0.898	0.771	0.547	0.225	-0.149	-0.496	0.959	0.876	0.702	0.411	0.0318	-0.355	-0.663	1	0:00:37.119012
8780	4	4	0.231	0.0465	-0.154	-0.361	-0.56	-0.73	-0.857	0.23	-0.164	-0.521	-0.773	-0.912	-0.973	-0.993	1	0:00:37.236155
8800	0	0	0.87	0.776	0.621	0.384	0.0736	-0.266	-0.571	0.87	0.689	0.392	0.0109	-0.373	-0.676	-0.863	1	0:00:37.298532
8820	2	2	0.978	0.939	0.843	0.652	0.35	-0.0297	-0.404	0.979	0.928	0.806	0.576	0.236	-0.159	-0.516	1	0:00:37.136356
8840	2	-1	0.0	0.0	0.0	0.0	0.0	0.0	0.0	0.0	0.0	0.0	0.0	0.0	0.0	0.0	0	0:00:23.146082
8860	2	2	0.775	0.622	0.407	0.134	-0.17	-0.463	-0.7	0.775	0.524	0.168	-0.226	-0.569	-0.802	-0.926	1	0:00:37.451931
8880	1	1	0.835	0.682	0.45	0.148	-0.186	-0.494	-0.731	0.835	0.625	0.301	-0.0898	-0.46	-0.734	-0.893	1	0:00:37.139287
8900	2	4	0.143	-0.0288	-0.211	-0.398	-0.579	-0.737	-0.857	0.142	-0.252	-0.589	-0.814	-0.931	-0.98	-0.995	0	0:00:37.154874
8920	6	6	0.639	0.476	0.273	0.0317	-0.233	-0.493	-0.709	0.639	0.321	-0.0691	-0.443	-0.723	-0.887	-0.963	1	0:00:37.192128
8940	6	3	0.391	0.235	0.0522	-0.157	-0.381	-0.595	-0.77	0.39	0.00858	-0.375	-0.677	-0.864	-0.953	-0.987	0	0:00:38.372828
8960	0	0	0.61	0.459	0.264	0.0244	-0.243	-0.504	-0.719	0.609	0.28	-0.113	-0.479	-0.746	-0.899	-0.968	1	0:00:38.217290
8980	9	9	0.977	0.935	0.835	0.64	0.335	-0.0434	-0.415	0.977	0.923	0.795	0.558	0.212	-0.183	-0.535	1	0:00:38.296756
9000	8	8	0.984	0.949	0.859	0.674	0.375	-0.00584	-0.386	0.984	0.945	0.844	0.642	0.325	-0.0641	-0.438	1	0:00:38.306379
9020	7	7	0.778	0.586	0.313	-0.0146	-0.345	-0.621	-0.813	0.778	0.529	0.175	-0.22	-0.564	-0.799	-0.925	1	0:00:38.212215
9040	2	5	0.138	-0.0273	-0.201	-0.379	-0.556	-0.716	-0.842	0.138	-0.256	-0.592	-0.815	-0.932	-0.98	-0.995	0	0:00:38.329948
9060	9	9	0.733	0.558	0.324	0.0443	-0.252	-0.524	-0.737	0.734	0.459	0.0885	-0.303	-0.626	-0.835	-0.941	1	0:00:38.371196
9080	3	3	0.0744	-0.0849	-0.259	-0.441	-0.617	-0.767	-0.877	0.0729	-0.317	-0.636	-0.841	-0.944	-0.984	-0.996	1	0:00:38.293424
9100	9	1	0.177	-0.0713	-0.307	-0.516	-0.688	-0.819	-0.908	0.178	-0.217	-0.562	-0.798	-0.924	-0.977	-0.994	0	0:00:37.673408
9120	3	-1	0.0	0.0	0.0	0.0	0.0	0.0	0.0	0.0	0.0	0.0	0.0	0.0	0.0	0.0	0	0:00:23.251977
9140	7	7	0.0632	-0.127	-0.311	-0.487	-0.648	-0.783	-0.884	0.0631	-0.326	-0.643	-0.845	-0.945	-0.985	-0.997	1	0:00:38.391194
9160	5	3	0.203	0.0726	-0.0777	-0.251	-0.441	-0.629	-0.787	0.202	-0.193	-0.543	-0.786	-0.919	-0.975	-0.994	0	0:00:38.458788
9180	5	5	0.878	0.79	0.641	0.413	0.107	-0.235	-0.547	0.878	0.704	0.414	0.0358	-0.351	-0.66	-0.854	1	0:00:38.365319
9200	8	8	0.86	0.764	0.607	0.372	0.0658	-0.27	-0.571	0.86	0.672	0.367	-0.0179	-0.399	-0.693	-0.872	1	0:00:38.338537
9220	8	8	0.947	0.885	0.761	0.546	0.234	-0.133	-0.479	0.947	0.848	0.65	0.336	-0.0527	-0.429	-0.714	1	0:00:38.265128
9240	8	8	0.591	0.406	0.179	-0.0789	-0.344	-0.586	-0.773	0.591	0.255	-0.138	-0.5	-0.76	-0.906	-0.97	1	0:00:38.084649
9260	5	5	0.336	0.187	0.0175	-0.175	-0.384	-0.59	-0.764	0.336	-0.0523	-0.428	-0.713	-0.883	-0.961	-0.99	1	0:00:38.334506
9280	9	-1	0.0	0.0	0.0	0.0	0.0	0.0	0.0	0.0	0.0	0.0	0.0	0.0	0.0	0.0	0	0:00:23.241198
9300	5	-1	0.0	0.0	0.0	0.0	0.0	0.0	0.0	0.0	0.0	0.0	0.0	0.0	0.0	0.0	0	0:00:23.352515
9320	9	9	0.884	0.769	0.579	0.309	-0.021	-0.357	-0.637	0.884	0.716	0.432	0.0565	-0.332	-0.647	-0.847	1	0:00:38.536237
9340	1	1	0.986	0.951	0.861	0.676	0.376	-0.00523	-0.386	0.986	0.949	0.854	0.659	0.349	-0.0382	-0.416	1	0:00:38.380280
9360	5	0	0.0275	-0.171	-0.359	-0.529	-0.679	-0.802	-0.893	0.0271	-0.359	-0.666	-0.857	-0.951	-0.986	-0.997	0	0:00:38.247637
9380	5	3	0.36	0.202	0.0168	-0.194	-0.416	-0.624	-0.79	0.36	-0.0262	-0.406	-0.698	-0.875	-0.958	-0.989	0	0:00:38.176568
9400	6	6	0.542	0.358	0.138	-0.109	-0.362	-0.594	-0.776	0.542	0.191	-0.203	-0.551	-0.791	-0.921	-0.976	1	0:00:38.415272
9420	5	5	0.674	0.543	0.365	0.134	-0.141	-0.423	-0.667	0.674	0.37	-0.0146	-0.396	-0.691	-0.871	-0.956	1	0:00:38.475906
9440	8	8	0.961	0.904	0.782	0.563	0.244	-0.13	-0.481	0.961	0.883	0.714	0.43	0.054	-0.334	-0.649	1	0:00:38.258526
9460	3	7	0.374	0.191	-0.00789	-0.219	-0.434	-0.633	-0.793	0.374	-0.0104	-0.392	-0.689	-0.87	-0.956	-0.988	0	0:00:38.076472
9480	2	2	0.0279	-0.177	-0.375	-0.556	-0.71	-0.831	-0.913	0.0275	-0.358	-0.666	-0.857	-0.951	-0.986	-0.997	1	0:00:38.363822
9500	9	9	0.587	0.381	0.133	-0.139	-0.406	-0.636	-0.807	0.587	0.25	-0.144	-0.504	-0.762	-0.907	-0.971	1	0:00:38.388097
9520	1	1	0.689	0.522	0.304	0.0411	-0.243	-0.511	-0.727	0.689	0.393	0.0113	-0.373	-0.676	-0.863	-0.953	1	0:00:38.323905
9540	5	5	0.168	-0.034	-0.239	-0.436	-0.614	-0.763	-0.872	0.168	-0.227	-0.569	-0.802	-0.926	-0.978	-0.995	1	0:00:38.368731
9560	9	7	0.355	0.13	-0.101	-0.326	-0.533	-0.708	-0.84	0.355	-0.0315	-0.41	-0.701	-0.876	-0.959	-0.989	0	0:00:38.235087
9580	1	1	0.69	0.481	0.212	-0.0896	-0.385	-0.633	-0.81	0.69	0.394	0.013	-0.371	-0.675	-0.862	-0.953	1	0:00:38.389997
9600	8	8	0.599	0.372	0.0943	-0.203	-0.479	-0.7	-0.851	0.599	0.266	-0.128	-0.491	-0.754	-0.903	-0.969	1	0:00:38.136913
9620	4	4	0.399	0.161	-0.104	-0.366	-0.597	-0.773	-0.889	0.399	0.0182	-0.367	-0.672	-0.86	-0.952	-0.987	1	0:00:37.717423
9640	5	-1	0.0	0.0	0.0	0.0	0.0	0.0	0.0	0.0	0.0	0.0	0.0	0.0	0.0	0.0	0	0:00:23.212621
9660	6	6	0.978	0.938	0.841	0.648	0.345	-0.035	-0.409	0.978	0.927	0.804	0.572	0.23	-0.164	-0.521	1	0:00:37.902604
9680	8	8	0.928	0.858	0.724	0.502	0.189	-0.172	-0.506	0.928	0.806	0.576	0.236	-0.159	-0.516	-0.77	1	0:00:37.746505
9700	0	0	0.738	0.601	0.408	0.158	-0.134	-0.427	-0.673	0.738	0.466	0.0965	-0.295	-0.62	-0.832	-0.94	1	0:00:37.597182
9720	8	1	0.0626	-0.114	-0.285	-0.451	-0.61	-0.752	-0.863	0.0624	-0.327	-0.643	-0.845	-0.945	-0.985	-0.997	0	0:00:37.823217
9740	3	6	0.222	0.0539	-0.12	-0.301	-0.486	-0.661	-0.806	0.221	-0.173	-0.528	-0.777	-0.914	-0.974	-0.993	0	0:00:37.803900
9760	9	-1	0.0	0.0	0.0	0.0	0.0	0.0	0.0	0.0	0.0	0.0	0.0	0.0	0.0	0.0	0	0:00:23.183324
9780	4	6	0.0502	-0.123	-0.293	-0.458	-0.615	-0.755	-0.864	0.0497	-0.338	-0.652	-0.849	-0.947	-0.985	-0.997	0	0:00:38.035739
9800	1	1	0.987	0.954	0.867	0.684	0.386	0.0047	-0.378	0.987	0.954	0.865	0.68	0.38	-0.00369	-0.386	1	0:00:38.175880
9820	0	8	0.33	0.099	-0.14	-0.37	-0.576	-0.744	-0.864	0.33	-0.0594	-0.434	-0.717	-0.885	-0.962	-0.99	0	0:00:38.159287
9840	4	-1	0.0	0.0	0.0	0.0	0.0	0.0	0.0	0.0	0.0	0.0	0.0	0.0	0.0	0.0	0	0:00:23.217294
9860	0	5	0.0702	-0.0636	-0.211	-0.373	-0.543	-0.704	-0.834	0.0687	-0.321	-0.639	-0.843	-0.944	-0.984	-0.996	0	0:00:37.772306
9880	7	7	0.23	-0.0396	-0.305	-0.539	-0.722	-0.851	-0.93	0.23	-0.165	-0.521	-0.773	-0.912	-0.973	-0.993	1	0:00:37.778333
9900	8	8	0.551	0.323	0.0561	-0.224	-0.484	-0.695	-0.844	0.551	0.203	-0.192	-0.543	-0.786	-0.919	-0.975	1	0:00:37.744065
9920	6	6	0.632	0.453	0.221	-0.0506	-0.334	-0.589	-0.781	0.632	0.311	-0.0794	-0.451	-0.729	-0.89	-0.964	1	0:00:37.766407
9940	4	5	0.123	-0.0298	-0.198	-0.378	-0.559	-0.722	-0.848	0.122	-0.271	-0.603	-0.822	-0.935	-0.981	-0.996	0	0:00:37.700936
9960	2	0	0.861	0.759	0.595	0.353	0.0429	-0.291	-0.587	0.861	0.672	0.367	-0.0176	-0.398	-0.693	-0.872	0	0:00:37.791889
9980	0	0	0.957	0.904	0.79	0.584	0.275	-0.0974	-0.454	0.957	0.873	0.695	0.401	0.0202	-0.365	-0.67	1	0:00:37.816923
