idx	label	predict	exp_cdf_00	exp_cdf_25	exp_cdf_50	exp_cdf_75	exp_cdf_100	exp_cdf_125	exp_cdf_150	exp_00	exp_25	exp_50	exp_75	exp_100	exp_125	exp_150	correct	time
0	3	3	0.486	0.13	-0.347	-0.766	-0.957	-0.996	-1.0	0.485	-0.273	-0.823	-0.981	-0.999	-1.0	-1.0	1	0:00:39.695126
20	7	7	0.00407	-0.397	-0.715	-0.911	-0.985	-0.999	-1.0	0.00374	-0.68	-0.954	-0.997	-1.0	-1.0	-1.0	1	0:00:38.739217
40	4	4	0.608	0.153	-0.402	-0.809	-0.968	-0.998	-1.0	0.609	-0.114	-0.747	-0.968	-0.998	-1.0	-1.0	1	0:00:38.932528
60	7	7	0.974	0.83	0.331	-0.417	-0.875	-0.989	-1.0	0.974	0.78	0.179	-0.561	-0.924	-0.994	-1.0	1	0:00:38.939312
80	8	8	0.955	0.764	0.221	-0.495	-0.898	-0.991	-1.0	0.955	0.683	0.000747	-0.682	-0.954	-0.997	-1.0	1	0:00:38.919572
100	4	-1	0.0	0.0	0.0	0.0	0.0	0.0	0.0	0.0	0.0	0.0	0.0	0.0	0.0	0.0	0	0:00:22.860902
120	8	8	0.342	-0.197	-0.662	-0.911	-0.987	-0.999	-1.0	0.342	-0.423	-0.881	-0.989	-1.0	-1.0	-1.0	1	0:00:38.999348
140	6	6	0.453	-0.0776	-0.578	-0.877	-0.981	-0.999	-1.0	0.453	-0.309	-0.838	-0.984	-0.999	-1.0	-1.0	1	0:00:38.980837
160	2	2	0.786	0.464	-0.0985	-0.663	-0.937	-0.995	-1.0	0.786	0.193	-0.55	-0.921	-0.994	-1.0	-1.0	1	0:00:39.044859
180	0	0	0.697	0.386	-0.131	-0.664	-0.935	-0.994	-1.0	0.697	0.0237	-0.668	-0.951	-0.997	-1.0	-1.0	1	0:00:38.933704
200	5	5	0.386	0.0451	-0.379	-0.765	-0.954	-0.996	-1.0	0.386	-0.38	-0.865	-0.987	-1.0	-1.0	-1.0	1	0:00:38.940564
220	7	7	0.264	-0.242	-0.67	-0.908	-0.986	-0.999	-1.0	0.264	-0.492	-0.904	-0.992	-1.0	-1.0	-1.0	1	0:00:39.005910
240	1	1	0.988	0.871	0.396	-0.369	-0.861	-0.987	-0.999	0.988	0.871	0.396	-0.369	-0.861	-0.987	-1.0	1	0:00:39.032255
260	8	8	0.909	0.618	0.00122	-0.637	-0.935	-0.995	-1.0	0.909	0.51	-0.243	-0.809	-0.979	-0.999	-1.0	1	0:00:38.849129
280	9	9	0.544	0.0431	-0.499	-0.851	-0.977	-0.998	-1.0	0.544	-0.201	-0.79	-0.976	-0.999	-1.0	-1.0	1	0:00:38.961068
300	6	6	0.981	0.847	0.355	-0.4	-0.87	-0.988	-1.0	0.981	0.82	0.267	-0.49	-0.903	-0.992	-1.0	1	0:00:39.056968
320	3	3	0.33	-0.0838	-0.524	-0.844	-0.973	-0.998	-1.0	0.329	-0.435	-0.885	-0.99	-1.0	-1.0	-1.0	1	0:00:38.905180
340	2	4	0.259	-0.225	-0.659	-0.906	-0.986	-0.999	-1.0	0.259	-0.497	-0.905	-0.992	-1.0	-1.0	-1.0	0	0:00:38.924430
360	9	9	0.911	0.639	0.0477	-0.6	-0.924	-0.994	-1.0	0.911	0.517	-0.235	-0.806	-0.978	-0.999	-1.0	1	0:00:38.999645
380	6	6	0.749	0.351	-0.238	-0.739	-0.954	-0.996	-1.0	0.749	0.117	-0.606	-0.936	-0.996	-1.0	-1.0	1	0:00:38.954612
400	9	9	0.944	0.741	0.195	-0.508	-0.9	-0.991	-1.0	0.944	0.639	-0.0686	-0.723	-0.963	-0.998	-1.0	1	0:00:38.898794
420	4	4	0.908	0.665	0.107	-0.556	-0.912	-0.992	-1.0	0.908	0.508	-0.246	-0.811	-0.979	-0.999	-1.0	1	0:00:39.021049
440	1	1	0.945	0.733	0.174	-0.526	-0.906	-0.992	-1.0	0.945	0.643	-0.0632	-0.72	-0.962	-0.998	-1.0	1	0:00:38.995972
460	5	5	0.847	0.561	-0.00134	-0.613	-0.925	-0.994	-1.0	0.847	0.331	-0.433	-0.884	-0.99	-1.0	-1.0	1	0:00:39.009722
480	8	9	0.417	-0.106	-0.603	-0.891	-0.984	-0.999	-1.0	0.417	-0.348	-0.853	-0.986	-0.999	-1.0	-1.0	0	0:00:39.022021
500	4	-1	0.0	0.0	0.0	0.0	0.0	0.0	0.0	0.0	0.0	0.0	0.0	0.0	0.0	0.0	0	0:00:22.967501
520	5	5	0.846	0.561	0.00263	-0.61	-0.924	-0.993	-1.0	0.846	0.329	-0.434	-0.885	-0.99	-1.0	-1.0	1	0:00:39.058900
540	1	1	0.959	0.775	0.231	-0.492	-0.898	-0.991	-1.0	0.96	0.706	0.0393	-0.658	-0.949	-0.997	-1.0	1	0:00:39.000680
560	0	0	0.988	0.87	0.394	-0.371	-0.862	-0.987	-1.0	0.988	0.867	0.385	-0.381	-0.866	-0.987	-1.0	1	0:00:38.934538
580	4	4	0.508	0.0785	-0.424	-0.807	-0.966	-0.997	-1.0	0.508	-0.246	-0.811	-0.979	-0.999	-1.0	-1.0	1	0:00:38.988167
600	8	8	0.696	0.326	-0.219	-0.717	-0.947	-0.996	-1.0	0.696	0.0226	-0.669	-0.951	-0.997	-1.0	-1.0	1	0:00:38.950691
620	7	7	0.967	0.807	0.292	-0.445	-0.883	-0.989	-1.0	0.967	0.741	0.103	-0.616	-0.939	-0.996	-1.0	1	0:00:39.384939
640	5	3	0.716	0.46	-0.028	-0.602	-0.919	-0.993	-1.0	0.715	0.0558	-0.648	-0.946	-0.997	-1.0	-1.0	0	0:00:38.998007
660	9	9	0.671	0.264	-0.285	-0.748	-0.954	-0.996	-1.0	0.671	-0.0184	-0.694	-0.957	-0.997	-1.0	-1.0	1	0:00:39.056711
680	9	9	0.609	0.245	-0.266	-0.732	-0.95	-0.996	-1.0	0.609	-0.113	-0.747	-0.968	-0.998	-1.0	-1.0	1	0:00:39.098455
700	7	7	0.98	0.846	0.354	-0.401	-0.871	-0.988	-1.0	0.98	0.816	0.258	-0.498	-0.905	-0.992	-1.0	1	0:00:38.948863
720	4	4	0.454	-0.0817	-0.607	-0.901	-0.987	-0.999	-1.0	0.454	-0.308	-0.837	-0.983	-0.999	-1.0	-1.0	1	0:00:39.186809
740	2	5	0.572	0.261	-0.207	-0.689	-0.938	-0.995	-1.0	0.572	-0.165	-0.773	-0.973	-0.999	-1.0	-1.0	0	0:00:38.987202
760	3	3	0.396	-0.0731	-0.556	-0.869	-0.98	-0.999	-1.0	0.396	-0.37	-0.861	-0.987	-1.0	-1.0	-1.0	1	0:00:39.449958
780	9	9	0.98	0.842	0.342	-0.411	-0.874	-0.988	-1.0	0.98	0.817	0.261	-0.495	-0.905	-0.992	-1.0	1	0:00:39.029397
800	7	7	0.988	0.871	0.396	-0.369	-0.861	-0.987	-1.0	0.988	0.871	0.395	-0.37	-0.862	-0.987	-1.0	1	0:00:39.241506
820	6	6	0.377	-0.0113	-0.441	-0.797	-0.962	-0.997	-1.0	0.377	-0.389	-0.868	-0.988	-1.0	-1.0	-1.0	1	0:00:39.414204
840	7	7	0.988	0.87	0.395	-0.37	-0.862	-0.987	-1.0	0.988	0.869	0.389	-0.377	-0.864	-0.987	-1.0	1	0:00:39.584083
860	4	4	0.142	-0.313	-0.692	-0.91	-0.986	-0.999	-1.0	0.142	-0.589	-0.931	-0.995	-1.0	-1.0	-1.0	1	0:00:39.263836
880	8	8	0.982	0.846	0.349	-0.407	-0.873	-0.988	-1.0	0.982	0.826	0.28	-0.479	-0.899	-0.992	-1.0	1	0:00:39.259752
900	2	6	0.0633	-0.322	-0.66	-0.89	-0.981	-0.998	-1.0	0.063	-0.643	-0.945	-0.997	-1.0	-1.0	-1.0	0	0:00:39.251759
920	6	6	0.678	0.276	-0.285	-0.755	-0.957	-0.997	-1.0	0.679	-0.00687	-0.687	-0.955	-0.997	-1.0	-1.0	1	0:00:38.463112
940	9	9	0.958	0.773	0.234	-0.486	-0.895	-0.991	-1.0	0.958	0.699	0.0281	-0.665	-0.951	-0.997	-1.0	1	0:00:37.139706
960	9	9	0.493	-0.0187	-0.532	-0.858	-0.976	-0.998	-1.0	0.493	-0.264	-0.819	-0.981	-0.999	-1.0	-1.0	1	0:00:38.053264
980	2	2	0.118	-0.329	-0.692	-0.908	-0.985	-0.999	-1.0	0.118	-0.606	-0.936	-0.996	-1.0	-1.0	-1.0	1	0:00:39.330314
1000	5	5	0.985	0.86	0.377	-0.383	-0.866	-0.987	-1.0	0.985	0.845	0.327	-0.437	-0.885	-0.99	-1.0	1	0:00:37.091317
1020	1	1	0.956	0.791	0.281	-0.447	-0.883	-0.989	-1.0	0.956	0.691	0.014	-0.674	-0.953	-0.997	-1.0	1	0:00:39.627264
1040	7	5	0.329	-0.154	-0.597	-0.875	-0.979	-0.998	-1.0	0.329	-0.435	-0.885	-0.99	-1.0	-1.0	-1.0	0	0:00:39.559652
1060	9	9	0.988	0.871	0.396	-0.37	-0.861	-0.987	-1.0	0.988	0.87	0.394	-0.372	-0.862	-0.987	-1.0	1	0:00:39.142252
1080	6	6	0.717	0.296	-0.286	-0.76	-0.958	-0.997	-1.0	0.717	0.0582	-0.646	-0.946	-0.997	-1.0	-1.0	1	0:00:39.117567
1100	7	0	0.109	-0.38	-0.751	-0.936	-0.991	-0.999	-1.0	0.109	-0.612	-0.938	-0.996	-1.0	-1.0	-1.0	0	0:00:37.589989
1120	5	2	0.0784	-0.443	-0.8	-0.954	-0.994	-1.0	-1.0	0.0783	-0.633	-0.943	-0.996	-1.0	-1.0	-1.0	0	0:00:39.356395
1140	6	6	0.479	0.00413	-0.493	-0.838	-0.973	-0.998	-1.0	0.479	-0.28	-0.826	-0.982	-0.999	-1.0	-1.0	1	0:00:39.423547
1160	8	8	0.932	0.688	0.0984	-0.578	-0.92	-0.993	-1.0	0.933	0.593	-0.136	-0.758	-0.97	-0.998	-1.0	1	0:00:39.255096
1180	3	3	0.66	0.357	-0.146	-0.671	-0.936	-0.995	-1.0	0.66	-0.0369	-0.705	-0.959	-0.998	-1.0	-1.0	1	0:00:39.577502
1200	8	8	0.87	0.532	-0.0969	-0.688	-0.947	-0.996	-1.0	0.871	0.394	-0.371	-0.862	-0.987	-1.0	-1.0	1	0:00:39.347768
1220	9	6	0.107	-0.285	-0.636	-0.879	-0.979	-0.998	-1.0	0.106	-0.614	-0.938	-0.996	-1.0	-1.0	-1.0	0	0:00:38.733640
1240	2	6	0.356	-0.132	-0.597	-0.882	-0.981	-0.999	-1.0	0.356	-0.409	-0.876	-0.989	-1.0	-1.0	-1.0	0	0:00:38.943752
1260	1	1	0.0199	-0.548	-0.872	-0.978	-0.998	-1.0	-1.0	0.0199	-0.67	-0.952	-0.997	-1.0	-1.0	-1.0	1	0:00:36.895250
1280	3	3	0.374	0.0264	-0.402	-0.78	-0.958	-0.996	-1.0	0.373	-0.393	-0.87	-0.988	-1.0	-1.0	-1.0	1	0:00:36.735317
1300	4	3	0.518	0.115	-0.379	-0.784	-0.961	-0.997	-1.0	0.518	-0.234	-0.806	-0.978	-0.999	-1.0	-1.0	0	0:00:36.731286
1320	7	7	0.887	0.552	-0.0897	-0.69	-0.948	-0.996	-1.0	0.887	0.441	-0.323	-0.843	-0.984	-0.999	-1.0	1	0:00:36.730687
1340	1	1	0.871	0.601	0.0374	-0.595	-0.921	-0.993	-1.0	0.872	0.397	-0.369	-0.861	-0.987	-0.999	-1.0	1	0:00:36.728034
1360	7	7	0.576	0.117	-0.422	-0.814	-0.969	-0.998	-1.0	0.576	-0.159	-0.77	-0.972	-0.999	-1.0	-1.0	1	0:00:36.761582
1380	4	4	0.196	-0.312	-0.716	-0.924	-0.989	-0.999	-1.0	0.196	-0.548	-0.92	-0.994	-1.0	-1.0	-1.0	1	0:00:36.755314
1400	5	3	0.00324	-0.344	-0.666	-0.89	-0.981	-0.998	-1.0	0.00224	-0.681	-0.954	-0.997	-1.0	-1.0	-1.0	0	0:00:36.668825
1420	4	4	0.323	-0.219	-0.687	-0.924	-0.99	-0.999	-1.0	0.323	-0.44	-0.887	-0.99	-1.0	-1.0	-1.0	1	0:00:39.515100
1440	0	0	0.612	0.122	-0.455	-0.842	-0.976	-0.998	-1.0	0.612	-0.108	-0.744	-0.967	-0.998	-1.0	-1.0	1	0:00:39.353043
1460	6	6	0.974	0.821	0.307	-0.437	-0.882	-0.989	-1.0	0.975	0.783	0.185	-0.556	-0.923	-0.994	-1.0	1	0:00:39.255654
1480	1	1	0.472	-0.00471	-0.51	-0.849	-0.975	-0.998	-1.0	0.472	-0.288	-0.829	-0.982	-0.999	-1.0	-1.0	1	0:00:39.524251
1500	1	1	0.954	0.757	0.203	-0.51	-0.902	-0.992	-1.0	0.954	0.682	-0.000436	-0.683	-0.955	-0.997	-1.0	1	0:00:39.390892
1520	7	7	0.812	0.464	-0.124	-0.683	-0.942	-0.995	-1.0	0.812	0.248	-0.506	-0.908	-0.993	-1.0	-1.0	1	0:00:39.472795
1540	8	8	0.974	0.831	0.331	-0.417	-0.875	-0.989	-1.0	0.974	0.782	0.183	-0.558	-0.923	-0.994	-1.0	1	0:00:39.362702
1560	7	7	0.988	0.871	0.396	-0.369	-0.861	-0.987	-0.999	0.988	0.871	0.395	-0.37	-0.862	-0.987	-1.0	1	0:00:39.802049
1580	6	-1	0.0	0.0	0.0	0.0	0.0	0.0	0.0	0.0	0.0	0.0	0.0	0.0	0.0	0.0	0	0:00:23.083650
1600	8	-1	0.0	0.0	0.0	0.0	0.0	0.0	0.0	0.0	0.0	0.0	0.0	0.0	0.0	0.0	0	0:00:23.166415
1620	5	-1	0.0	0.0	0.0	0.0	0.0	0.0	0.0	0.0	0.0	0.0	0.0	0.0	0.0	0.0	0	0:00:23.235509
1640	7	-1	0.0	0.0	0.0	0.0	0.0	0.0	0.0	0.0	0.0	0.0	0.0	0.0	0.0	0.0	0	0:00:23.328420
1660	3	3	0.577	0.167	-0.358	-0.782	-0.962	-0.997	-1.0	0.577	-0.158	-0.769	-0.972	-0.999	-1.0	-1.0	1	0:00:39.854408
1680	6	6	0.741	0.364	-0.192	-0.702	-0.944	-0.995	-1.0	0.742	0.104	-0.616	-0.939	-0.996	-1.0	-1.0	1	0:00:39.942236
1700	5	5	0.113	-0.322	-0.683	-0.902	-0.984	-0.999	-1.0	0.113	-0.609	-0.937	-0.996	-1.0	-1.0	-1.0	1	0:00:39.694113
1720	4	4	0.84	0.53	-0.0437	-0.637	-0.931	-0.994	-1.0	0.84	0.315	-0.448	-0.889	-0.991	-1.0	-1.0	1	0:00:39.351968
1740	1	1	0.829	0.451	-0.179	-0.727	-0.954	-0.997	-1.0	0.829	0.288	-0.472	-0.897	-0.991	-1.0	-1.0	1	0:00:39.574239
1760	0	0	0.947	0.732	0.165	-0.535	-0.909	-0.992	-1.0	0.947	0.65	-0.0515	-0.713	-0.961	-0.998	-1.0	1	0:00:39.493176
1780	7	7	0.866	0.602	0.0483	-0.585	-0.918	-0.993	-1.0	0.866	0.382	-0.384	-0.867	-0.988	-1.0	-1.0	1	0:00:39.340969
1800	4	4	0.682	0.296	-0.253	-0.736	-0.952	-0.996	-1.0	0.682	-0.00131	-0.683	-0.955	-0.997	-1.0	-1.0	1	0:00:39.536098
1820	8	8	0.942	0.746	0.21	-0.495	-0.897	-0.991	-1.0	0.942	0.631	-0.0803	-0.729	-0.964	-0.998	-1.0	1	0:00:39.394984
1840	8	-1	0.0	0.0	0.0	0.0	0.0	0.0	0.0	0.0	0.0	0.0	0.0	0.0	0.0	0.0	0	0:00:23.011670
1860	8	8	0.978	0.847	0.362	-0.392	-0.868	-0.988	-1.0	0.978	0.805	0.234	-0.518	-0.911	-0.993	-1.0	1	0:00:39.379216
1880	1	1	0.988	0.87	0.394	-0.371	-0.862	-0.987	-1.0	0.988	0.868	0.388	-0.378	-0.865	-0.987	-1.0	1	0:00:39.437876
1900	8	8	0.987	0.866	0.385	-0.379	-0.864	-0.987	-1.0	0.987	0.862	0.372	-0.394	-0.87	-0.988	-1.0	1	0:00:39.488768
1920	2	2	0.984	0.859	0.379	-0.382	-0.865	-0.987	-1.0	0.984	0.838	0.31	-0.452	-0.891	-0.991	-1.0	1	0:00:39.466333
1940	5	5	0.368	-0.0165	-0.46	-0.812	-0.966	-0.997	-1.0	0.368	-0.398	-0.872	-0.988	-1.0	-1.0	-1.0	1	0:00:39.219029
1960	2	2	0.0365	-0.466	-0.805	-0.953	-0.994	-1.0	-1.0	0.0364	-0.66	-0.949	-0.997	-1.0	-1.0	-1.0	1	0:00:39.357992
1980	9	9	0.968	0.788	0.241	-0.489	-0.898	-0.991	-1.0	0.968	0.748	0.115	-0.608	-0.937	-0.996	-1.0	1	0:00:38.256467
2000	1	1	0.948	0.751	0.204	-0.505	-0.9	-0.991	-1.0	0.948	0.655	-0.0444	-0.709	-0.96	-0.998	-1.0	1	0:00:37.219836
2020	9	9	0.988	0.869	0.391	-0.373	-0.863	-0.987	-1.0	0.988	0.866	0.383	-0.383	-0.867	-0.988	-1.0	1	0:00:39.030868
2040	0	0	0.98	0.844	0.349	-0.405	-0.872	-0.988	-1.0	0.98	0.813	0.251	-0.504	-0.907	-0.993	-1.0	1	0:00:39.203144
2060	5	3	0.7	0.38	-0.145	-0.675	-0.938	-0.995	-1.0	0.7	0.0283	-0.665	-0.951	-0.997	-1.0	-1.0	0	0:00:38.937402
2080	1	9	0.327	-0.272	-0.737	-0.942	-0.993	-1.0	-1.0	0.328	-0.436	-0.885	-0.99	-1.0	-1.0	-1.0	0	0:00:39.302365
2100	2	2	0.77	0.402	-0.184	-0.714	-0.949	-0.996	-1.0	0.77	0.158	-0.577	-0.928	-0.995	-1.0	-1.0	1	0:00:39.348856
2120	4	8	0.191	-0.265	-0.652	-0.892	-0.982	-0.999	-1.0	0.191	-0.552	-0.921	-0.994	-1.0	-1.0	-1.0	0	0:00:39.457105
2140	9	9	0.988	0.87	0.393	-0.372	-0.862	-0.987	-1.0	0.988	0.87	0.392	-0.374	-0.863	-0.987	-1.0	1	0:00:37.407066
2160	0	0	0.802	0.34	-0.335	-0.815	-0.974	-0.998	-1.0	0.802	0.226	-0.524	-0.913	-0.993	-1.0	-1.0	1	0:00:37.644848
2180	4	4	0.688	0.379	-0.133	-0.664	-0.935	-0.994	-1.0	0.688	0.00816	-0.678	-0.953	-0.997	-1.0	-1.0	1	0:00:37.533282
2200	0	0	0.306	-0.0726	-0.493	-0.826	-0.969	-0.998	-1.0	0.305	-0.456	-0.892	-0.991	-1.0	-1.0	-1.0	1	0:00:37.445683
2220	1	1	0.987	0.868	0.391	-0.374	-0.863	-0.987	-1.0	0.987	0.865	0.379	-0.386	-0.868	-0.988	-1.0	1	0:00:37.325544
2240	9	9	0.505	0.0103	-0.516	-0.857	-0.978	-0.998	-1.0	0.505	-0.249	-0.812	-0.979	-0.999	-1.0	-1.0	1	0:00:37.445198
2260	4	4	0.836	0.561	0.0173	-0.595	-0.92	-0.993	-1.0	0.836	0.306	-0.456	-0.892	-0.991	-1.0	-1.0	1	0:00:37.397299
2280	4	4	0.219	-0.201	-0.607	-0.878	-0.98	-0.999	-1.0	0.219	-0.53	-0.915	-0.994	-1.0	-1.0	-1.0	1	0:00:37.457187
2300	3	3	0.0565	-0.333	-0.67	-0.895	-0.982	-0.999	-1.0	0.0562	-0.647	-0.946	-0.997	-1.0	-1.0	-1.0	1	0:00:37.352207
2320	5	2	0.866	0.593	0.0341	-0.593	-0.92	-0.993	-1.0	0.866	0.382	-0.384	-0.867	-0.988	-1.0	-1.0	0	0:00:37.345321
2340	7	7	0.988	0.871	0.395	-0.37	-0.862	-0.987	-1.0	0.988	0.87	0.394	-0.372	-0.862	-0.987	-1.0	1	0:00:37.038930
2360	7	7	0.0317	-0.469	-0.804	-0.952	-0.993	-1.0	-1.0	0.0316	-0.663	-0.95	-0.997	-1.0	-1.0	-1.0	1	0:00:37.035956
2380	8	8	0.954	0.758	0.208	-0.505	-0.901	-0.991	-1.0	0.954	0.682	-0.00189	-0.684	-0.955	-0.997	-1.0	1	0:00:37.044344
2400	0	0	0.985	0.866	0.39	-0.373	-0.862	-0.987	-1.0	0.985	0.848	0.335	-0.43	-0.883	-0.99	-1.0	1	0:00:37.207503
2420	8	8	0.143	-0.309	-0.681	-0.905	-0.985	-0.999	-1.0	0.143	-0.588	-0.931	-0.995	-1.0	-1.0	-1.0	1	0:00:36.995698
2440	7	7	0.985	0.859	0.375	-0.385	-0.866	-0.987	-1.0	0.985	0.846	0.33	-0.434	-0.885	-0.99	-1.0	1	0:00:37.013973
2460	9	9	0.22	-0.179	-0.552	-0.84	-0.97	-0.998	-1.0	0.22	-0.529	-0.915	-0.993	-1.0	-1.0	-1.0	1	0:00:37.247188
2480	8	8	0.976	0.825	0.31	-0.436	-0.882	-0.989	-1.0	0.976	0.793	0.207	-0.54	-0.918	-0.994	-1.0	1	0:00:37.163137
2500	4	4	0.177	-0.289	-0.687	-0.913	-0.987	-0.999	-1.0	0.176	-0.563	-0.924	-0.995	-1.0	-1.0	-1.0	1	0:00:36.939263
2520	1	1	0.287	-0.22	-0.657	-0.903	-0.985	-0.999	-1.0	0.287	-0.472	-0.897	-0.992	-1.0	-1.0	-1.0	1	0:00:37.431067
2540	2	6	0.202	-0.224	-0.619	-0.88	-0.98	-0.998	-1.0	0.202	-0.543	-0.919	-0.994	-1.0	-1.0	-1.0	0	0:00:37.325957
2560	7	7	0.589	0.112	-0.437	-0.823	-0.971	-0.998	-1.0	0.589	-0.142	-0.761	-0.971	-0.999	-1.0	-1.0	1	0:00:37.338379
2580	6	5	0.0875	-0.306	-0.656	-0.89	-0.981	-0.999	-1.0	0.0871	-0.627	-0.941	-0.996	-1.0	-1.0	-1.0	0	0:00:37.275581
2600	8	8	0.976	0.834	0.336	-0.414	-0.874	-0.988	-1.0	0.976	0.791	0.203	-0.542	-0.919	-0.994	-1.0	1	0:00:37.451335
2620	1	1	0.937	0.7	0.113	-0.57	-0.919	-0.993	-1.0	0.937	0.612	-0.109	-0.745	-0.967	-0.998	-1.0	1	0:00:37.384760
2640	7	7	0.979	0.845	0.354	-0.4	-0.871	-0.988	-1.0	0.979	0.811	0.246	-0.508	-0.908	-0.993	-1.0	1	0:00:37.370864
2660	3	-1	0.0	0.0	0.0	0.0	0.0	0.0	0.0	0.0	0.0	0.0	0.0	0.0	0.0	0.0	0	0:00:22.774118
2680	0	0	0.983	0.861	0.382	-0.379	-0.864	-0.987	-1.0	0.983	0.838	0.309	-0.454	-0.891	-0.991	-1.0	1	0:00:37.433801
2700	9	-1	0.0	0.0	0.0	0.0	0.0	0.0	0.0	0.0	0.0	0.0	0.0	0.0	0.0	0.0	0	0:00:22.822354
2720	3	3	0.778	0.41	-0.182	-0.715	-0.95	-0.996	-1.0	0.778	0.175	-0.564	-0.925	-0.995	-1.0	-1.0	1	0:00:37.481299
2740	1	1	0.353	-0.147	-0.597	-0.877	-0.98	-0.998	-1.0	0.353	-0.412	-0.877	-0.989	-1.0	-1.0	-1.0	1	0:00:37.378781
2760	2	2	0.69	0.285	-0.281	-0.754	-0.957	-0.997	-1.0	0.69	0.013	-0.675	-0.953	-0.997	-1.0	-1.0	1	0:00:37.388297
2780	7	7	0.969	0.814	0.303	-0.436	-0.881	-0.989	-1.0	0.969	0.754	0.127	-0.599	-0.934	-0.995	-1.0	1	0:00:36.886615
2800	4	4	0.651	0.207	-0.368	-0.801	-0.968	-0.998	-1.0	0.651	-0.05	-0.712	-0.961	-0.998	-1.0	-1.0	1	0:00:36.896106
2820	6	6	0.986	0.863	0.381	-0.382	-0.865	-0.987	-1.0	0.986	0.857	0.357	-0.408	-0.875	-0.989	-1.0	1	0:00:36.891230
2840	3	3	0.967	0.84	0.363	-0.389	-0.866	-0.987	-1.0	0.967	0.744	0.109	-0.612	-0.938	-0.996	-1.0	1	0:00:37.275179
2860	5	4	0.415	0.000596	-0.469	-0.824	-0.97	-0.998	-1.0	0.415	-0.35	-0.854	-0.986	-0.999	-1.0	-1.0	0	0:00:37.018819
2880	4	4	0.914	0.713	0.186	-0.504	-0.898	-0.991	-1.0	0.915	0.528	-0.221	-0.799	-0.977	-0.999	-1.0	1	0:00:37.014862
2900	3	7	0.19	-0.214	-0.605	-0.874	-0.979	-0.998	-1.0	0.19	-0.553	-0.922	-0.994	-1.0	-1.0	-1.0	0	0:00:37.097298
2920	2	3	0.0245	-0.378	-0.716	-0.917	-0.987	-0.999	-1.0	0.0238	-0.668	-0.951	-0.997	-1.0	-1.0	-1.0	0	0:00:36.964922
2940	3	0	0.842	0.617	0.106	-0.539	-0.905	-0.991	-1.0	0.842	0.319	-0.444	-0.888	-0.99	-1.0	-1.0	0	0:00:37.032754
2960	9	0	0.274	-0.204	-0.639	-0.896	-0.984	-0.999	-1.0	0.274	-0.484	-0.901	-0.992	-1.0	-1.0	-1.0	0	0:00:37.361907
2980	8	8	0.806	0.414	-0.213	-0.742	-0.958	-0.997	-1.0	0.806	0.235	-0.516	-0.911	-0.993	-1.0	-1.0	1	0:00:37.254201
3000	5	5	0.911	0.699	0.168	-0.515	-0.901	-0.991	-1.0	0.911	0.516	-0.236	-0.806	-0.979	-0.999	-1.0	1	0:00:37.381014
3020	1	1	0.903	0.609	-0.00244	-0.635	-0.934	-0.995	-1.0	0.903	0.492	-0.265	-0.819	-0.981	-0.999	-1.0	1	0:00:37.399623
3040	7	7	0.988	0.871	0.396	-0.369	-0.861	-0.987	-0.999	0.988	0.871	0.396	-0.37	-0.862	-0.987	-1.0	1	0:00:37.394564
3060	7	7	0.959	0.786	0.262	-0.464	-0.889	-0.99	-1.0	0.96	0.706	0.0392	-0.658	-0.949	-0.997	-1.0	1	0:00:37.286817
3080	1	1	0.139	-0.37	-0.754	-0.939	-0.991	-0.999	-1.0	0.139	-0.591	-0.932	-0.995	-1.0	-1.0	-1.0	1	0:00:37.317438
3100	0	0	0.803	0.531	-0.0148	-0.618	-0.926	-0.994	-1.0	0.802	0.227	-0.523	-0.913	-0.993	-1.0	-1.0	1	0:00:37.348744
3120	4	4	0.204	-0.187	-0.575	-0.858	-0.975	-0.998	-1.0	0.204	-0.542	-0.918	-0.994	-1.0	-1.0	-1.0	1	0:00:37.307628
3140	8	8	0.932	0.67	0.0605	-0.607	-0.929	-0.994	-1.0	0.932	0.591	-0.138	-0.76	-0.97	-0.998	-1.0	1	0:00:37.222752
3160	6	2	0.207	-0.278	-0.687	-0.914	-0.987	-0.999	-1.0	0.207	-0.539	-0.918	-0.994	-1.0	-1.0	-1.0	0	0:00:37.219445
3180	3	3	0.121	-0.315	-0.698	-0.917	-0.988	-0.999	-1.0	0.121	-0.604	-0.935	-0.996	-1.0	-1.0	-1.0	1	0:00:36.815240
3200	5	5	0.771	0.478	-0.0695	-0.647	-0.933	-0.994	-1.0	0.771	0.16	-0.575	-0.928	-0.995	-1.0	-1.0	1	0:00:36.855824
3220	3	9	0.298	-0.198	-0.616	-0.876	-0.978	-0.998	-1.0	0.298	-0.463	-0.894	-0.991	-1.0	-1.0	-1.0	0	0:00:36.893712
3240	4	-1	0.0	0.0	0.0	0.0	0.0	0.0	0.0	0.0	0.0	0.0	0.0	0.0	0.0	0.0	0	0:00:22.848706
3260	7	7	0.868	0.536	-0.0918	-0.687	-0.947	-0.996	-1.0	0.868	0.387	-0.379	-0.865	-0.987	-1.0	-1.0	1	0:00:36.996269
3280	3	5	0.155	-0.305	-0.683	-0.904	-0.984	-0.999	-1.0	0.155	-0.579	-0.929	-0.995	-1.0	-1.0	-1.0	0	0:00:36.829911
3300	4	4	0.564	0.0612	-0.488	-0.848	-0.976	-0.998	-1.0	0.564	-0.175	-0.778	-0.974	-0.999	-1.0	-1.0	1	0:00:36.804447
3320	2	7	0.472	0.0975	-0.355	-0.758	-0.953	-0.996	-1.0	0.472	-0.287	-0.829	-0.982	-0.999	-1.0	-1.0	0	0:00:36.891054
3340	6	6	0.798	0.453	-0.122	-0.676	-0.94	-0.995	-1.0	0.798	0.218	-0.531	-0.915	-0.994	-1.0	-1.0	1	0:00:36.739551
3360	4	4	0.655	0.276	-0.256	-0.731	-0.95	-0.996	-1.0	0.655	-0.0448	-0.709	-0.96	-0.998	-1.0	-1.0	1	0:00:36.799966
3380	8	8	0.988	0.87	0.394	-0.372	-0.862	-0.987	-1.0	0.988	0.87	0.392	-0.373	-0.863	-0.987	-1.0	1	0:00:36.795082
3400	6	4	0.658	0.31	-0.215	-0.711	-0.946	-0.996	-1.0	0.658	-0.0398	-0.706	-0.96	-0.998	-1.0	-1.0	0	0:00:36.811059
3420	5	-1	0.0	0.0	0.0	0.0	0.0	0.0	0.0	0.0	0.0	0.0	0.0	0.0	0.0	0.0	0	0:00:22.704685
3440	2	3	0.743	0.47	-0.0442	-0.62	-0.925	-0.993	-1.0	0.743	0.106	-0.614	-0.938	-0.996	-1.0	-1.0	0	0:00:36.945498
3460	1	1	0.988	0.869	0.392	-0.373	-0.863	-0.987	-1.0	0.988	0.867	0.385	-0.381	-0.866	-0.987	-1.0	1	0:00:36.936606
3480	2	2	0.976	0.84	0.351	-0.401	-0.87	-0.988	-1.0	0.976	0.79	0.201	-0.544	-0.919	-0.994	-1.0	1	0:00:36.757901
3500	1	1	0.23	-0.289	-0.709	-0.924	-0.989	-0.999	-1.0	0.23	-0.521	-0.912	-0.993	-1.0	-1.0	-1.0	1	0:00:36.789723
3520	1	1	0.988	0.869	0.393	-0.372	-0.862	-0.987	-1.0	0.988	0.867	0.386	-0.38	-0.865	-0.987	-1.0	1	0:00:36.829484
3540	6	6	0.938	0.729	0.182	-0.515	-0.902	-0.991	-1.0	0.938	0.615	-0.105	-0.742	-0.967	-0.998	-1.0	1	0:00:36.982502
3560	1	1	0.0722	-0.45	-0.801	-0.953	-0.994	-1.0	-1.0	0.0722	-0.637	-0.944	-0.996	-1.0	-1.0	-1.0	1	0:00:36.817360
3580	4	4	0.36	-0.0826	-0.545	-0.86	-0.977	-0.998	-1.0	0.36	-0.406	-0.875	-0.989	-1.0	-1.0	-1.0	1	0:00:37.198273
3600	4	2	0.784	0.402	-0.182	-0.705	-0.945	-0.995	-1.0	0.784	0.188	-0.554	-0.922	-0.994	-1.0	-1.0	0	0:00:37.005399
3620	0	0	0.582	0.117	-0.412	-0.803	-0.965	-0.997	-1.0	0.582	-0.151	-0.766	-0.972	-0.999	-1.0	-1.0	1	0:00:36.844268
3640	6	6	0.147	-0.335	-0.725	-0.928	-0.99	-0.999	-1.0	0.147	-0.585	-0.931	-0.995	-1.0	-1.0	-1.0	1	0:00:37.341460
3660	0	0	0.876	0.531	-0.107	-0.697	-0.949	-0.996	-1.0	0.876	0.408	-0.357	-0.857	-0.986	-0.999	-1.0	1	0:00:36.685036
3680	0	0	0.131	-0.274	-0.637	-0.882	-0.98	-0.998	-1.0	0.13	-0.597	-0.934	-0.995	-1.0	-1.0	-1.0	1	0:00:36.800111
3700	3	3	0.834	0.603	0.0878	-0.55	-0.908	-0.992	-1.0	0.834	0.299	-0.462	-0.894	-0.991	-1.0	-1.0	1	0:00:36.734575
3720	2	2	0.983	0.858	0.377	-0.383	-0.865	-0.987	-1.0	0.983	0.836	0.304	-0.458	-0.892	-0.991	-1.0	1	0:00:36.850199
3740	0	0	0.986	0.863	0.383	-0.38	-0.865	-0.987	-1.0	0.986	0.852	0.345	-0.419	-0.879	-0.989	-1.0	1	0:00:36.807764
3760	7	7	0.986	0.863	0.38	-0.383	-0.866	-0.987	-1.0	0.986	0.858	0.361	-0.405	-0.874	-0.989	-1.0	1	0:00:36.732907
3780	4	4	0.502	0.11	-0.376	-0.782	-0.961	-0.997	-1.0	0.502	-0.253	-0.814	-0.98	-0.999	-1.0	-1.0	1	0:00:36.681491
3800	9	9	0.948	0.743	0.187	-0.518	-0.904	-0.992	-1.0	0.948	0.656	-0.0434	-0.708	-0.96	-0.998	-1.0	1	0:00:36.786601
3820	0	0	0.205	-0.226	-0.628	-0.886	-0.981	-0.999	-1.0	0.205	-0.541	-0.918	-0.994	-1.0	-1.0	-1.0	1	0:00:36.791964
3840	6	-1	0.0	0.0	0.0	0.0	0.0	0.0	0.0	0.0	0.0	0.0	0.0	0.0	0.0	0.0	0	0:00:22.710317
3860	7	7	0.988	0.871	0.396	-0.369	-0.861	-0.987	-0.999	0.988	0.871	0.396	-0.37	-0.861	-0.987	-1.0	1	0:00:38.004931
3880	6	6	0.508	0.0614	-0.433	-0.807	-0.966	-0.997	-1.0	0.508	-0.245	-0.811	-0.979	-0.999	-1.0	-1.0	1	0:00:36.824999
3900	3	3	0.141	-0.309	-0.688	-0.908	-0.985	-0.999	-1.0	0.141	-0.589	-0.932	-0.995	-1.0	-1.0	-1.0	1	0:00:36.749843
3920	7	7	0.503	0.0253	-0.487	-0.84	-0.974	-0.998	-1.0	0.503	-0.251	-0.813	-0.98	-0.999	-1.0	-1.0	1	0:00:39.872508
3940	6	-1	0.0	0.0	0.0	0.0	0.0	0.0	0.0	0.0	0.0	0.0	0.0	0.0	0.0	0.0	0	0:00:23.152821
3960	2	2	0.959	0.783	0.253	-0.473	-0.892	-0.99	-1.0	0.959	0.702	0.0332	-0.662	-0.95	-0.997	-1.0	1	0:00:38.909148
3980	9	9	0.248	-0.12	-0.503	-0.819	-0.966	-0.997	-1.0	0.248	-0.506	-0.908	-0.993	-1.0	-1.0	-1.0	1	0:00:39.011330
4000	8	-1	0.0	0.0	0.0	0.0	0.0	0.0	0.0	0.0	0.0	0.0	0.0	0.0	0.0	0.0	0	0:00:23.108654
4020	8	8	0.825	0.459	-0.159	-0.713	-0.951	-0.996	-1.0	0.825	0.279	-0.48	-0.9	-0.992	-1.0	-1.0	1	0:00:39.415937
4040	0	0	0.953	0.797	0.294	-0.438	-0.881	-0.989	-1.0	0.953	0.677	-0.00992	-0.689	-0.956	-0.997	-1.0	1	0:00:39.917842
4060	6	6	0.88	0.571	-0.035	-0.648	-0.936	-0.995	-1.0	0.88	0.422	-0.342	-0.851	-0.985	-0.999	-1.0	1	0:00:39.775633
4080	1	1	0.988	0.87	0.394	-0.371	-0.862	-0.987	-1.0	0.988	0.87	0.392	-0.374	-0.863	-0.987	-1.0	1	0:00:39.821775
4100	7	7	0.984	0.86	0.377	-0.383	-0.866	-0.987	-1.0	0.984	0.843	0.321	-0.442	-0.887	-0.99	-1.0	1	0:00:39.686828
4120	4	4	0.98	0.845	0.35	-0.404	-0.872	-0.988	-1.0	0.98	0.817	0.26	-0.496	-0.905	-0.992	-1.0	1	0:00:39.575413
4140	5	5	0.674	0.416	-0.0596	-0.614	-0.921	-0.993	-1.0	0.674	-0.0142	-0.691	-0.956	-0.997	-1.0	-1.0	1	0:00:39.485159
4160	5	5	0.00142	-0.343	-0.656	-0.882	-0.979	-0.998	-1.0	0.000707	-0.682	-0.954	-0.997	-1.0	-1.0	-1.0	1	0:00:39.526703
4180	0	8	0.382	-0.253	-0.748	-0.951	-0.995	-1.0	-1.0	0.382	-0.384	-0.867	-0.988	-1.0	-1.0	-1.0	0	0:00:39.403565
4200	4	4	0.32	-0.155	-0.602	-0.881	-0.981	-0.999	-1.0	0.32	-0.443	-0.888	-0.99	-1.0	-1.0	-1.0	1	0:00:39.636303
4220	4	0	0.22	-0.302	-0.718	-0.927	-0.989	-0.999	-1.0	0.22	-0.529	-0.915	-0.993	-1.0	-1.0	-1.0	0	0:00:38.880424
4240	7	7	0.12	-0.503	-0.866	-0.978	-0.998	-1.0	-1.0	0.12	-0.604	-0.936	-0.996	-1.0	-1.0	-1.0	1	0:00:39.572814
4260	8	8	0.983	0.852	0.36	-0.399	-0.871	-0.988	-1.0	0.983	0.836	0.304	-0.457	-0.892	-0.991	-1.0	1	0:00:39.429446
4280	8	0	0.621	0.215	-0.324	-0.768	-0.959	-0.997	-1.0	0.621	-0.095	-0.737	-0.966	-0.998	-1.0	-1.0	0	0:00:39.385830
4300	8	8	0.838	0.553	-0.00516	-0.614	-0.925	-0.994	-1.0	0.838	0.31	-0.452	-0.891	-0.991	-1.0	-1.0	1	0:00:39.634797
4320	1	-1	0.0	0.0	0.0	0.0	0.0	0.0	0.0	0.0	0.0	0.0	0.0	0.0	0.0	0.0	0	0:00:23.237581
4340	0	0	0.98	0.838	0.333	-0.42	-0.877	-0.989	-1.0	0.98	0.813	0.251	-0.504	-0.907	-0.993	-1.0	1	0:00:39.468824
4360	6	6	0.95	0.782	0.274	-0.45	-0.883	-0.989	-1.0	0.951	0.665	-0.0284	-0.7	-0.958	-0.998	-1.0	1	0:00:39.588815
4380	9	9	0.907	0.651	0.0747	-0.582	-0.92	-0.993	-1.0	0.907	0.504	-0.251	-0.813	-0.98	-0.999	-1.0	1	0:00:39.391014
4400	3	-1	0.0	0.0	0.0	0.0	0.0	0.0	0.0	0.0	0.0	0.0	0.0	0.0	0.0	0.0	0	0:00:23.294502
4420	5	5	0.652	0.293	-0.226	-0.712	-0.945	-0.995	-1.0	0.652	-0.0493	-0.712	-0.961	-0.998	-1.0	-1.0	1	0:00:39.486694
4440	2	2	0.369	-0.0585	-0.489	-0.819	-0.966	-0.997	-1.0	0.369	-0.397	-0.872	-0.988	-1.0	-1.0	-1.0	1	0:00:39.987842
4460	9	9	0.955	0.748	0.182	-0.526	-0.907	-0.992	-1.0	0.955	0.683	0.00102	-0.682	-0.954	-0.997	-1.0	1	0:00:39.448710
4480	9	9	0.987	0.866	0.386	-0.378	-0.864	-0.987	-1.0	0.987	0.861	0.368	-0.398	-0.872	-0.988	-1.0	1	0:00:39.556155
4500	3	5	0.05	-0.307	-0.636	-0.874	-0.977	-0.998	-1.0	0.0493	-0.652	-0.947	-0.997	-1.0	-1.0	-1.0	0	0:00:39.681555
4520	3	3	0.214	-0.181	-0.59	-0.871	-0.979	-0.998	-1.0	0.213	-0.534	-0.916	-0.994	-1.0	-1.0	-1.0	1	0:00:39.566957
4540	9	9	0.958	0.782	0.255	-0.47	-0.89	-0.99	-1.0	0.958	0.7	0.0292	-0.665	-0.95	-0.997	-1.0	1	0:00:39.526357
4560	1	1	0.987	0.865	0.384	-0.379	-0.865	-0.987	-1.0	0.987	0.861	0.368	-0.398	-0.872	-0.988	-1.0	1	0:00:39.550286
4580	6	6	0.725	0.303	-0.286	-0.762	-0.959	-0.997	-1.0	0.725	0.0733	-0.636	-0.944	-0.996	-1.0	-1.0	1	0:00:39.636400
4600	4	4	0.655	0.322	-0.182	-0.685	-0.938	-0.995	-1.0	0.655	-0.0445	-0.709	-0.96	-0.998	-1.0	-1.0	1	0:00:40.235394
4620	7	7	0.233	-0.24	-0.649	-0.894	-0.982	-0.999	-1.0	0.233	-0.518	-0.912	-0.993	-1.0	-1.0	-1.0	1	0:00:39.517677
4640	2	2	0.657	0.183	-0.397	-0.812	-0.969	-0.998	-1.0	0.657	-0.0411	-0.707	-0.96	-0.998	-1.0	-1.0	1	0:00:39.448224
4660	7	7	0.0132	-0.385	-0.709	-0.91	-0.985	-0.999	-1.0	0.0129	-0.675	-0.953	-0.997	-1.0	-1.0	-1.0	1	0:00:39.300486
4680	9	9	0.937	0.69	0.0906	-0.588	-0.924	-0.994	-1.0	0.937	0.612	-0.109	-0.745	-0.967	-0.998	-1.0	1	0:00:39.281178
4700	6	5	0.287	-0.134	-0.556	-0.855	-0.975	-0.998	-1.0	0.287	-0.473	-0.897	-0.992	-1.0	-1.0	-1.0	0	0:00:39.628508
4720	8	8	0.572	0.0699	-0.5	-0.862	-0.98	-0.999	-1.0	0.572	-0.164	-0.773	-0.973	-0.999	-1.0	-1.0	1	0:00:39.438261
4740	5	3	0.209	-0.215	-0.621	-0.884	-0.981	-0.999	-1.0	0.208	-0.538	-0.917	-0.994	-1.0	-1.0	-1.0	0	0:00:39.546139
4760	3	2	0.568	0.218	-0.271	-0.728	-0.948	-0.996	-1.0	0.568	-0.169	-0.775	-0.973	-0.999	-1.0	-1.0	0	0:00:39.289082
4780	0	0	0.883	0.595	0.00319	-0.625	-0.93	-0.994	-1.0	0.883	0.431	-0.333	-0.848	-0.985	-0.999	-1.0	1	0:00:39.480985
4800	9	9	0.988	0.871	0.397	-0.369	-0.861	-0.987	-0.999	0.988	0.871	0.396	-0.369	-0.861	-0.987	-1.0	1	0:00:39.202621
4820	3	3	0.597	0.264	-0.228	-0.706	-0.943	-0.995	-1.0	0.597	-0.131	-0.756	-0.97	-0.998	-1.0	-1.0	1	0:00:39.267216
4840	0	0	0.988	0.869	0.392	-0.373	-0.862	-0.987	-1.0	0.988	0.866	0.382	-0.383	-0.867	-0.988	-1.0	1	0:00:39.551692
4860	5	5	0.982	0.854	0.369	-0.389	-0.867	-0.988	-1.0	0.982	0.829	0.289	-0.471	-0.897	-0.991	-1.0	1	0:00:39.444079
4880	0	8	0.386	-0.149	-0.623	-0.893	-0.983	-0.999	-1.0	0.386	-0.38	-0.865	-0.987	-1.0	-1.0	-1.0	0	0:00:39.375139
4900	3	3	0.774	0.52	0.00201	-0.599	-0.92	-0.993	-1.0	0.774	0.167	-0.57	-0.926	-0.995	-1.0	-1.0	1	0:00:39.553961
4920	7	7	0.988	0.871	0.395	-0.37	-0.862	-0.987	-1.0	0.988	0.87	0.393	-0.373	-0.863	-0.987	-1.0	1	0:00:39.598147
4940	6	6	0.748	0.284	-0.341	-0.798	-0.968	-0.998	-1.0	0.748	0.116	-0.607	-0.936	-0.996	-1.0	-1.0	1	0:00:39.394236
4960	4	4	0.562	0.103	-0.432	-0.819	-0.97	-0.998	-1.0	0.562	-0.178	-0.779	-0.974	-0.999	-1.0	-1.0	1	0:00:39.487472
4980	1	9	0.811	0.435	-0.185	-0.727	-0.954	-0.997	-1.0	0.811	0.247	-0.507	-0.908	-0.993	-1.0	-1.0	0	0:00:39.405942
5000	7	7	0.988	0.87	0.394	-0.371	-0.862	-0.987	-1.0	0.988	0.868	0.386	-0.38	-0.865	-0.987	-1.0	1	0:00:39.340651
5020	8	8	0.958	0.773	0.233	-0.487	-0.896	-0.991	-1.0	0.958	0.7	0.0286	-0.665	-0.95	-0.997	-1.0	1	0:00:39.850517
5040	3	3	0.39	0.059	-0.371	-0.765	-0.955	-0.996	-1.0	0.39	-0.376	-0.864	-0.987	-1.0	-1.0	-1.0	1	0:00:39.458130
5060	6	6	0.413	-0.0184	-0.487	-0.831	-0.971	-0.998	-1.0	0.413	-0.352	-0.855	-0.986	-0.999	-1.0	-1.0	1	0:00:39.447175
5080	7	7	0.913	0.686	0.136	-0.539	-0.908	-0.992	-1.0	0.913	0.525	-0.225	-0.802	-0.978	-0.999	-1.0	1	0:00:39.446578
5100	3	3	0.77	0.525	0.0241	-0.579	-0.914	-0.992	-1.0	0.77	0.158	-0.576	-0.928	-0.995	-1.0	-1.0	1	0:00:39.298623
5120	9	9	0.675	0.149	-0.472	-0.859	-0.98	-0.999	-1.0	0.675	-0.0125	-0.69	-0.956	-0.997	-1.0	-1.0	1	0:00:39.432177
5140	8	8	0.97	0.803	0.273	-0.464	-0.89	-0.99	-1.0	0.97	0.759	0.136	-0.593	-0.933	-0.995	-1.0	1	0:00:39.638992
5160	0	0	0.949	0.736	0.168	-0.534	-0.909	-0.992	-1.0	0.95	0.661	-0.0353	-0.704	-0.959	-0.998	-1.0	1	0:00:39.511103
5180	9	9	0.0425	-0.459	-0.798	-0.95	-0.993	-1.0	-1.0	0.0425	-0.656	-0.948	-0.997	-1.0	-1.0	-1.0	1	0:00:39.388349
5200	3	3	0.678	0.419	-0.0606	-0.617	-0.922	-0.993	-1.0	0.678	-0.00808	-0.688	-0.956	-0.997	-1.0	-1.0	1	0:00:39.520993
5220	0	0	0.794	0.373	-0.259	-0.763	-0.961	-0.997	-1.0	0.794	0.209	-0.538	-0.917	-0.994	-1.0	-1.0	1	0:00:39.387146
5240	1	1	0.757	0.338	-0.272	-0.763	-0.961	-0.997	-1.0	0.757	0.133	-0.595	-0.933	-0.995	-1.0	-1.0	1	0:00:39.384805
5260	0	0	0.986	0.867	0.39	-0.373	-0.862	-0.987	-1.0	0.986	0.856	0.354	-0.411	-0.877	-0.989	-1.0	1	0:00:39.737201
5280	0	-1	0.0	0.0	0.0	0.0	0.0	0.0	0.0	0.0	0.0	0.0	0.0	0.0	0.0	0.0	0	0:00:23.195214
5300	9	9	0.941	0.735	0.188	-0.513	-0.902	-0.991	-1.0	0.941	0.626	-0.0883	-0.733	-0.965	-0.998	-1.0	1	0:00:39.512091
5320	7	7	0.694	0.314	-0.239	-0.729	-0.951	-0.996	-1.0	0.694	0.0196	-0.671	-0.952	-0.997	-1.0	-1.0	1	0:00:39.458422
5340	3	4	0.241	-0.187	-0.59	-0.867	-0.977	-0.998	-1.0	0.241	-0.512	-0.91	-0.993	-1.0	-1.0	-1.0	0	0:00:39.606066
5360	9	9	0.958	0.779	0.247	-0.476	-0.892	-0.99	-1.0	0.958	0.698	0.0265	-0.666	-0.951	-0.997	-1.0	1	0:00:39.502715
5380	1	9	0.571	0.0238	-0.548	-0.881	-0.983	-0.999	-1.0	0.571	-0.165	-0.773	-0.973	-0.999	-1.0	-1.0	0	0:00:39.375228
5400	9	9	0.953	0.77	0.238	-0.48	-0.893	-0.99	-1.0	0.953	0.678	-0.00745	-0.687	-0.955	-0.997	-1.0	1	0:00:39.471380
5420	6	6	0.979	0.834	0.326	-0.425	-0.879	-0.989	-1.0	0.979	0.809	0.243	-0.511	-0.909	-0.993	-1.0	1	0:00:39.665329
5440	9	9	0.988	0.869	0.392	-0.373	-0.863	-0.987	-1.0	0.988	0.868	0.387	-0.378	-0.865	-0.987	-1.0	1	0:00:39.496639
5460	0	0	0.974	0.845	0.363	-0.39	-0.867	-0.987	-1.0	0.974	0.782	0.182	-0.558	-0.923	-0.994	-1.0	1	0:00:39.386267
5480	1	1	0.931	0.686	0.102	-0.573	-0.919	-0.993	-1.0	0.931	0.586	-0.145	-0.763	-0.971	-0.999	-1.0	1	0:00:39.476752
5500	8	8	0.585	0.139	-0.402	-0.806	-0.967	-0.997	-1.0	0.585	-0.146	-0.764	-0.971	-0.999	-1.0	-1.0	1	0:00:39.423162
5520	4	4	0.453	0.0276	-0.448	-0.813	-0.967	-0.997	-1.0	0.453	-0.309	-0.838	-0.984	-0.999	-1.0	-1.0	1	0:00:39.431528
5540	5	5	0.148	-0.216	-0.579	-0.855	-0.974	-0.998	-1.0	0.147	-0.584	-0.93	-0.995	-1.0	-1.0	-1.0	1	0:00:39.534155
5560	3	5	0.436	0.0309	-0.437	-0.806	-0.965	-0.997	-1.0	0.436	-0.328	-0.845	-0.985	-0.999	-1.0	-1.0	0	0:00:39.365537
5580	5	-1	0.0	0.0	0.0	0.0	0.0	0.0	0.0	0.0	0.0	0.0	0.0	0.0	0.0	0.0	0	0:00:23.213797
5600	6	6	0.332	-0.113	-0.548	-0.852	-0.974	-0.998	-1.0	0.332	-0.432	-0.884	-0.99	-1.0	-1.0	-1.0	1	0:00:39.649811
5620	3	-1	0.0	0.0	0.0	0.0	0.0	0.0	0.0	0.0	0.0	0.0	0.0	0.0	0.0	0.0	0	0:00:23.283663
5640	2	5	0.0866	-0.255	-0.587	-0.852	-0.972	-0.998	-1.0	0.086	-0.628	-0.942	-0.996	-1.0	-1.0	-1.0	0	0:00:39.547894
5660	9	9	0.353	-0.168	-0.628	-0.894	-0.983	-0.999	-1.0	0.354	-0.412	-0.877	-0.989	-1.0	-1.0	-1.0	1	0:00:39.435065
5680	2	3	0.196	-0.175	-0.561	-0.851	-0.973	-0.998	-1.0	0.195	-0.549	-0.92	-0.994	-1.0	-1.0	-1.0	0	0:00:39.388271
5700	3	3	0.672	0.414	-0.0697	-0.625	-0.925	-0.993	-1.0	0.672	-0.0175	-0.693	-0.957	-0.997	-1.0	-1.0	1	0:00:39.355642
5720	9	9	0.988	0.87	0.393	-0.372	-0.862	-0.987	-1.0	0.988	0.868	0.388	-0.378	-0.865	-0.987	-1.0	1	0:00:39.376316
5740	6	6	0.509	0.0909	-0.398	-0.79	-0.962	-0.997	-1.0	0.509	-0.245	-0.81	-0.979	-0.999	-1.0	-1.0	1	0:00:39.466736
5760	2	2	0.479	-0.00311	-0.514	-0.854	-0.977	-0.998	-1.0	0.479	-0.28	-0.826	-0.982	-0.999	-1.0	-1.0	1	0:00:39.313423
5780	7	7	0.988	0.871	0.396	-0.369	-0.861	-0.987	-1.0	0.988	0.871	0.395	-0.37	-0.862	-0.987	-1.0	1	0:00:39.421350
5800	2	2	0.873	0.538	-0.0887	-0.683	-0.945	-0.996	-1.0	0.873	0.402	-0.363	-0.859	-0.987	-0.999	-1.0	1	0:00:39.320163
5820	5	5	0.677	0.287	-0.253	-0.729	-0.949	-0.996	-1.0	0.677	-0.00958	-0.688	-0.956	-0.997	-1.0	-1.0	1	0:00:39.686533
5840	2	2	0.504	0.0851	-0.412	-0.801	-0.965	-0.997	-1.0	0.504	-0.25	-0.813	-0.98	-0.999	-1.0	-1.0	1	0:00:39.128728
5860	0	0	0.842	0.498	-0.112	-0.688	-0.945	-0.996	-1.0	0.842	0.319	-0.444	-0.888	-0.99	-1.0	-1.0	1	0:00:39.477750
5880	0	0	0.983	0.848	0.351	-0.407	-0.873	-0.988	-1.0	0.983	0.835	0.301	-0.46	-0.893	-0.991	-1.0	1	0:00:39.327289
5900	4	3	0.0443	-0.304	-0.646	-0.885	-0.98	-0.998	-1.0	0.0433	-0.656	-0.948	-0.997	-1.0	-1.0	-1.0	0	0:00:39.472272
5920	8	8	0.988	0.871	0.396	-0.37	-0.861	-0.987	-1.0	0.988	0.869	0.391	-0.375	-0.863	-0.987	-1.0	1	0:00:39.430627
5940	7	7	0.141	-0.239	-0.599	-0.865	-0.976	-0.998	-1.0	0.141	-0.589	-0.932	-0.995	-1.0	-1.0	-1.0	1	0:00:39.595489
5960	2	6	0.39	-0.047	-0.496	-0.828	-0.969	-0.997	-1.0	0.39	-0.376	-0.864	-0.987	-1.0	-1.0	-1.0	0	0:00:39.301991
5980	9	9	0.983	0.851	0.357	-0.4	-0.871	-0.988	-1.0	0.983	0.835	0.302	-0.46	-0.893	-0.991	-1.0	1	0:00:39.297655
6000	8	8	0.77	0.398	-0.194	-0.722	-0.952	-0.996	-1.0	0.77	0.159	-0.576	-0.928	-0.995	-1.0	-1.0	1	0:00:39.408403
6020	6	6	0.912	0.653	0.0723	-0.585	-0.921	-0.993	-1.0	0.912	0.519	-0.232	-0.805	-0.978	-0.999	-1.0	1	0:00:39.378535
6040	2	-1	0.0	0.0	0.0	0.0	0.0	0.0	0.0	0.0	0.0	0.0	0.0	0.0	0.0	0.0	0	0:00:23.249519
6060	3	4	0.132	-0.314	-0.682	-0.903	-0.984	-0.999	-1.0	0.132	-0.596	-0.933	-0.995	-1.0	-1.0	-1.0	0	0:00:40.270880
6080	1	1	0.925	0.653	0.0391	-0.618	-0.931	-0.995	-1.0	0.925	0.564	-0.176	-0.778	-0.974	-0.999	-1.0	1	0:00:39.980391
6100	1	1	0.979	0.847	0.358	-0.396	-0.869	-0.988	-1.0	0.979	0.811	0.246	-0.507	-0.908	-0.993	-1.0	1	0:00:39.570529
6120	5	5	0.798	0.463	-0.111	-0.673	-0.939	-0.995	-1.0	0.799	0.219	-0.53	-0.915	-0.994	-1.0	-1.0	1	0:00:39.551265
6140	9	9	0.92	0.657	0.0624	-0.597	-0.925	-0.994	-1.0	0.92	0.546	-0.198	-0.789	-0.976	-0.999	-1.0	1	0:00:39.328234
6160	2	-1	0.0	0.0	0.0	0.0	0.0	0.0	0.0	0.0	0.0	0.0	0.0	0.0	0.0	0.0	0	0:00:23.185365
6180	0	0	0.667	0.242	-0.329	-0.779	-0.962	-0.997	-1.0	0.667	-0.0252	-0.698	-0.958	-0.998	-1.0	-1.0	1	0:00:39.555580
6200	3	-1	0.0	0.0	0.0	0.0	0.0	0.0	0.0	0.0	0.0	0.0	0.0	0.0	0.0	0.0	0	0:00:23.284745
6220	2	-1	0.0	0.0	0.0	0.0	0.0	0.0	0.0	0.0	0.0	0.0	0.0	0.0	0.0	0.0	0	0:00:23.498833
6240	2	2	0.686	0.273	-0.298	-0.764	-0.959	-0.997	-1.0	0.686	0.00478	-0.68	-0.954	-0.997	-1.0	-1.0	1	0:00:39.674407
6260	2	2	0.311	-0.138	-0.572	-0.864	-0.977	-0.998	-1.0	0.311	-0.452	-0.89	-0.991	-1.0	-1.0	-1.0	1	0:00:39.444184
6280	8	-1	0.0	0.0	0.0	0.0	0.0	0.0	0.0	0.0	0.0	0.0	0.0	0.0	0.0	0.0	0	0:00:23.272579
6300	1	1	0.935	0.728	0.187	-0.51	-0.9	-0.991	-1.0	0.935	0.603	-0.121	-0.751	-0.969	-0.998	-1.0	1	0:00:39.557884
6320	0	0	0.645	0.203	-0.369	-0.8	-0.967	-0.998	-1.0	0.645	-0.0603	-0.718	-0.962	-0.998	-1.0	-1.0	1	0:00:39.364638
6340	3	3	0.25	-0.16	-0.575	-0.863	-0.977	-0.998	-1.0	0.25	-0.505	-0.907	-0.993	-1.0	-1.0	-1.0	1	0:00:39.541211
6360	2	2	0.458	-0.00369	-0.487	-0.831	-0.971	-0.998	-1.0	0.458	-0.303	-0.835	-0.983	-0.999	-1.0	-1.0	1	0:00:39.623979
6380	3	-1	0.0	0.0	0.0	0.0	0.0	0.0	0.0	0.0	0.0	0.0	0.0	0.0	0.0	0.0	0	0:00:23.290444
6400	0	0	0.84	0.517	-0.0745	-0.661	-0.938	-0.995	-1.0	0.84	0.314	-0.449	-0.889	-0.991	-1.0	-1.0	1	0:00:39.749657
6420	7	7	0.977	0.844	0.355	-0.398	-0.87	-0.988	-1.0	0.977	0.797	0.215	-0.533	-0.916	-0.994	-1.0	1	0:00:39.252282
6440	3	3	0.12	-0.215	-0.567	-0.848	-0.972	-0.998	-1.0	0.119	-0.605	-0.936	-0.996	-1.0	-1.0	-1.0	1	0:00:39.386470
6460	3	3	0.844	0.636	0.124	-0.535	-0.905	-0.992	-1.0	0.844	0.325	-0.438	-0.886	-0.99	-1.0	-1.0	1	0:00:39.532745
6480	0	0	0.801	0.479	-0.0827	-0.653	-0.934	-0.994	-1.0	0.801	0.223	-0.526	-0.914	-0.993	-1.0	-1.0	1	0:00:39.969349
6500	7	-1	0.0	0.0	0.0	0.0	0.0	0.0	0.0	0.0	0.0	0.0	0.0	0.0	0.0	0.0	0	0:00:23.270425
6520	6	6	0.342	-0.125	-0.571	-0.865	-0.977	-0.998	-1.0	0.342	-0.423	-0.881	-0.989	-1.0	-1.0	-1.0	1	0:00:39.783155
6540	8	8	0.798	0.398	-0.229	-0.749	-0.959	-0.997	-1.0	0.798	0.218	-0.531	-0.915	-0.994	-1.0	-1.0	1	0:00:39.716351
6560	6	6	0.21	-0.259	-0.648	-0.889	-0.981	-0.999	-1.0	0.21	-0.537	-0.917	-0.994	-1.0	-1.0	-1.0	1	0:00:39.479504
6580	1	1	0.211	-0.233	-0.63	-0.884	-0.981	-0.998	-1.0	0.211	-0.536	-0.917	-0.994	-1.0	-1.0	-1.0	1	0:00:39.436291
6600	7	7	0.967	0.824	0.332	-0.412	-0.873	-0.988	-1.0	0.967	0.743	0.106	-0.614	-0.938	-0.996	-1.0	1	0:00:39.458867
6620	7	7	0.987	0.868	0.391	-0.373	-0.863	-0.987	-1.0	0.987	0.86	0.367	-0.399	-0.872	-0.988	-1.0	1	0:00:39.458552
6640	5	3	0.684	0.349	-0.19	-0.705	-0.946	-0.996	-1.0	0.683	0.0012	-0.682	-0.954	-0.997	-1.0	-1.0	0	0:00:39.168689
6660	0	0	0.935	0.725	0.176	-0.519	-0.903	-0.992	-1.0	0.935	0.601	-0.124	-0.752	-0.969	-0.998	-1.0	1	0:00:39.619259
6680	3	5	0.402	-0.00126	-0.457	-0.813	-0.966	-0.997	-1.0	0.402	-0.363	-0.859	-0.987	-0.999	-1.0	-1.0	0	0:00:39.780754
6700	6	6	0.96	0.79	0.27	-0.458	-0.887	-0.99	-1.0	0.96	0.707	0.0418	-0.657	-0.949	-0.997	-1.0	1	0:00:39.851614
6720	2	2	0.463	0.0442	-0.441	-0.813	-0.967	-0.997	-1.0	0.463	-0.298	-0.833	-0.983	-0.999	-1.0	-1.0	1	0:00:39.709054
6740	2	2	0.123	-0.216	-0.562	-0.842	-0.97	-0.998	-1.0	0.123	-0.602	-0.935	-0.996	-1.0	-1.0	-1.0	1	0:00:39.383612
6760	5	5	0.962	0.81	0.311	-0.427	-0.877	-0.989	-1.0	0.962	0.719	0.063	-0.643	-0.945	-0.997	-1.0	1	0:00:39.758937
6780	7	7	0.982	0.852	0.365	-0.392	-0.868	-0.988	-1.0	0.982	0.826	0.282	-0.477	-0.899	-0.992	-1.0	1	0:00:39.457469
6800	6	-1	0.0	0.0	0.0	0.0	0.0	0.0	0.0	0.0	0.0	0.0	0.0	0.0	0.0	0.0	0	0:00:23.208183
6820	1	1	0.976	0.831	0.328	-0.421	-0.877	-0.989	-1.0	0.976	0.794	0.209	-0.538	-0.917	-0.994	-1.0	1	0:00:40.338011
6840	9	9	0.966	0.789	0.251	-0.478	-0.894	-0.991	-1.0	0.966	0.736	0.0941	-0.622	-0.94	-0.996	-1.0	1	0:00:39.475667
6860	0	0	0.798	0.511	-0.0316	-0.622	-0.926	-0.994	-1.0	0.798	0.217	-0.532	-0.916	-0.994	-1.0	-1.0	1	0:00:39.215794
6880	2	2	0.862	0.558	-0.0289	-0.636	-0.932	-0.994	-1.0	0.862	0.372	-0.394	-0.87	-0.988	-1.0	-1.0	1	0:00:40.051000
6900	3	3	0.695	0.413	-0.0863	-0.636	-0.927	-0.994	-1.0	0.694	0.0196	-0.671	-0.952	-0.997	-1.0	-1.0	1	0:00:39.557866
6920	5	4	0.302	-0.112	-0.539	-0.849	-0.974	-0.998	-1.0	0.302	-0.46	-0.893	-0.991	-1.0	-1.0	-1.0	0	0:00:39.441474
6940	1	1	0.988	0.871	0.396	-0.369	-0.861	-0.987	-0.999	0.988	0.871	0.396	-0.37	-0.862	-0.987	-1.0	1	0:00:39.347460
6960	9	9	0.729	0.294	-0.31	-0.779	-0.964	-0.997	-1.0	0.729	0.0811	-0.631	-0.942	-0.996	-1.0	-1.0	1	0:00:39.378344
6980	0	0	0.676	0.232	-0.349	-0.792	-0.966	-0.997	-1.0	0.676	-0.0106	-0.689	-0.956	-0.997	-1.0	-1.0	1	0:00:39.389600
7000	2	0	0.111	-0.316	-0.684	-0.905	-0.985	-0.999	-1.0	0.11	-0.611	-0.937	-0.996	-1.0	-1.0	-1.0	0	0:00:39.432561
7020	7	7	0.988	0.871	0.396	-0.369	-0.861	-0.987	-1.0	0.988	0.871	0.395	-0.37	-0.862	-0.987	-1.0	1	0:00:39.329213
7040	7	-1	0.0	0.0	0.0	0.0	0.0	0.0	0.0	0.0	0.0	0.0	0.0	0.0	0.0	0.0	0	0:00:23.240919
7060	8	8	0.985	0.86	0.375	-0.387	-0.867	-0.988	-1.0	0.985	0.851	0.343	-0.422	-0.88	-0.989	-1.0	1	0:00:39.729584
7080	5	4	0.323	-0.132	-0.569	-0.865	-0.978	-0.998	-1.0	0.323	-0.441	-0.887	-0.99	-1.0	-1.0	-1.0	0	0:00:39.320681
7100	9	3	0.478	0.0978	-0.4	-0.8	-0.966	-0.997	-1.0	0.477	-0.282	-0.826	-0.982	-0.999	-1.0	-1.0	0	0:00:39.607661
7120	7	7	0.551	0.0927	-0.442	-0.825	-0.971	-0.998	-1.0	0.551	-0.192	-0.786	-0.975	-0.999	-1.0	-1.0	1	0:00:39.477823
7140	4	4	0.255	-0.185	-0.597	-0.871	-0.978	-0.998	-1.0	0.255	-0.5	-0.906	-0.993	-1.0	-1.0	-1.0	1	0:00:39.364624
7160	5	5	0.88	0.634	0.0848	-0.566	-0.914	-0.993	-1.0	0.88	0.421	-0.343	-0.851	-0.985	-0.999	-1.0	1	0:00:39.559980
7180	6	6	0.767	0.367	-0.224	-0.73	-0.952	-0.996	-1.0	0.767	0.154	-0.58	-0.929	-0.995	-1.0	-1.0	1	0:00:39.621663
7200	4	4	0.2	-0.269	-0.668	-0.903	-0.985	-0.999	-1.0	0.2	-0.545	-0.919	-0.994	-1.0	-1.0	-1.0	1	0:00:39.648925
7220	9	9	0.884	0.624	0.0649	-0.578	-0.917	-0.993	-1.0	0.884	0.434	-0.33	-0.846	-0.985	-0.999	-1.0	1	0:00:39.348621
7240	0	0	0.703	0.288	-0.292	-0.764	-0.96	-0.997	-1.0	0.703	0.0347	-0.661	-0.95	-0.997	-1.0	-1.0	1	0:00:39.395673
7260	1	1	0.969	0.799	0.266	-0.468	-0.891	-0.99	-1.0	0.969	0.752	0.123	-0.602	-0.935	-0.996	-1.0	1	0:00:39.403884
7280	1	1	0.422	-0.0513	-0.533	-0.854	-0.976	-0.998	-1.0	0.422	-0.343	-0.851	-0.985	-0.999	-1.0	-1.0	1	0:00:39.443495
7300	3	5	0.0445	-0.436	-0.783	-0.946	-0.992	-0.999	-1.0	0.0442	-0.655	-0.948	-0.997	-1.0	-1.0	-1.0	0	0:00:39.203639
7320	8	0	0.204	-0.312	-0.719	-0.925	-0.989	-0.999	-1.0	0.204	-0.541	-0.918	-0.994	-1.0	-1.0	-1.0	0	0:00:39.378377
7340	2	2	0.44	-0.0485	-0.543	-0.862	-0.978	-0.998	-1.0	0.44	-0.324	-0.844	-0.984	-0.999	-1.0	-1.0	1	0:00:39.424796
7360	2	2	0.554	0.113	-0.413	-0.808	-0.967	-0.997	-1.0	0.554	-0.188	-0.784	-0.975	-0.999	-1.0	-1.0	1	0:00:39.423673
7380	7	7	0.96	0.795	0.278	-0.452	-0.885	-0.99	-1.0	0.961	0.71	0.0472	-0.653	-0.948	-0.997	-1.0	1	0:00:39.390708
7400	3	5	0.392	0.0849	-0.334	-0.743	-0.949	-0.996	-1.0	0.391	-0.374	-0.863	-0.987	-1.0	-1.0	-1.0	0	0:00:39.419731
7420	3	4	0.335	-0.109	-0.541	-0.847	-0.973	-0.998	-1.0	0.335	-0.429	-0.883	-0.99	-1.0	-1.0	-1.0	0	0:00:39.461555
7440	3	3	0.874	0.625	0.0773	-0.568	-0.914	-0.993	-1.0	0.874	0.404	-0.361	-0.858	-0.986	-0.999	-1.0	1	0:00:39.577684
7460	5	5	0.975	0.838	0.346	-0.405	-0.872	-0.988	-1.0	0.975	0.786	0.192	-0.551	-0.921	-0.994	-1.0	1	0:00:39.479833
7480	1	1	0.866	0.486	-0.172	-0.733	-0.957	-0.997	-1.0	0.866	0.381	-0.384	-0.867	-0.988	-1.0	-1.0	1	0:00:39.543081
7500	6	6	0.988	0.87	0.395	-0.37	-0.862	-0.987	-1.0	0.988	0.868	0.389	-0.377	-0.864	-0.987	-1.0	1	0:00:38.595251
7520	4	4	0.561	0.149	-0.372	-0.789	-0.963	-0.997	-1.0	0.561	-0.179	-0.78	-0.974	-0.999	-1.0	-1.0	1	0:00:37.205904
7540	5	5	0.986	0.862	0.379	-0.383	-0.866	-0.987	-1.0	0.986	0.853	0.346	-0.419	-0.879	-0.989	-1.0	1	0:00:37.216995
7560	0	0	0.679	0.231	-0.349	-0.79	-0.965	-0.997	-1.0	0.679	-0.00536	-0.686	-0.955	-0.997	-1.0	-1.0	1	0:00:37.243626
7580	8	8	0.977	0.844	0.354	-0.399	-0.87	-0.988	-1.0	0.977	0.799	0.22	-0.529	-0.915	-0.993	-1.0	1	0:00:37.203908
7600	8	2	0.0949	-0.325	-0.692	-0.912	-0.987	-0.999	-1.0	0.0946	-0.622	-0.94	-0.996	-1.0	-1.0	-1.0	0	0:00:37.243923
7620	5	3	0.127	-0.268	-0.646	-0.892	-0.983	-0.999	-1.0	0.126	-0.6	-0.934	-0.996	-1.0	-1.0	-1.0	0	0:00:37.278182
7640	9	9	0.271	-0.337	-0.776	-0.954	-0.995	-1.0	-1.0	0.271	-0.486	-0.902	-0.992	-1.0	-1.0	-1.0	1	0:00:37.411936
7660	7	7	0.725	0.317	-0.263	-0.747	-0.955	-0.996	-1.0	0.725	0.073	-0.636	-0.944	-0.996	-1.0	-1.0	1	0:00:37.329851
7680	3	5	0.0794	-0.336	-0.71	-0.924	-0.99	-0.999	-1.0	0.0789	-0.632	-0.943	-0.996	-1.0	-1.0	-1.0	0	0:00:37.300901
7700	6	6	0.977	0.834	0.332	-0.417	-0.876	-0.989	-1.0	0.977	0.8	0.221	-0.528	-0.915	-0.993	-1.0	1	0:00:37.258238
7720	5	-1	0.0	0.0	0.0	0.0	0.0	0.0	0.0	0.0	0.0	0.0	0.0	0.0	0.0	0.0	0	0:00:22.970423
7740	4	4	0.493	0.0494	-0.46	-0.829	-0.972	-0.998	-1.0	0.493	-0.264	-0.819	-0.981	-0.999	-1.0	-1.0	1	0:00:37.441272
7760	2	0	0.21	-0.19	-0.583	-0.863	-0.976	-0.998	-1.0	0.209	-0.537	-0.917	-0.994	-1.0	-1.0	-1.0	0	0:00:39.971410
7780	3	8	0.0174	-0.449	-0.778	-0.941	-0.991	-0.999	-1.0	0.0173	-0.672	-0.952	-0.997	-1.0	-1.0	-1.0	0	0:00:39.607066
7800	0	0	0.87	0.576	-0.0102	-0.628	-0.931	-0.994	-1.0	0.87	0.393	-0.372	-0.863	-0.987	-1.0	-1.0	1	0:00:39.421471
7820	5	5	0.269	-0.124	-0.53	-0.841	-0.972	-0.998	-1.0	0.269	-0.488	-0.902	-0.992	-1.0	-1.0	-1.0	1	0:00:39.431767
7840	1	1	0.987	0.869	0.393	-0.372	-0.862	-0.987	-1.0	0.987	0.865	0.378	-0.387	-0.868	-0.988	-1.0	1	0:00:39.454613
7860	8	8	0.964	0.785	0.246	-0.482	-0.895	-0.991	-1.0	0.964	0.728	0.0788	-0.632	-0.943	-0.996	-1.0	1	0:00:39.433352
7880	0	0	0.841	0.57	0.0184	-0.6	-0.922	-0.993	-1.0	0.841	0.318	-0.445	-0.888	-0.99	-1.0	-1.0	1	0:00:39.391768
7900	0	-1	0.0	0.0	0.0	0.0	0.0	0.0	0.0	0.0	0.0	0.0	0.0	0.0	0.0	0.0	0	0:00:23.200893
7920	9	9	0.963	0.797	0.281	-0.451	-0.885	-0.99	-1.0	0.963	0.721	0.0656	-0.641	-0.945	-0.996	-1.0	1	0:00:39.847211
7940	2	2	0.102	-0.368	-0.734	-0.927	-0.989	-0.999	-1.0	0.102	-0.617	-0.939	-0.996	-1.0	-1.0	-1.0	1	0:00:39.162086
7960	0	0	0.297	-0.26	-0.708	-0.927	-0.99	-0.999	-1.0	0.297	-0.464	-0.894	-0.991	-1.0	-1.0	-1.0	1	0:00:39.075047
7980	3	3	0.411	0.0495	-0.406	-0.791	-0.962	-0.997	-1.0	0.411	-0.355	-0.856	-0.986	-0.999	-1.0	-1.0	1	0:00:39.439638
8000	9	9	0.965	0.786	0.245	-0.483	-0.896	-0.991	-1.0	0.965	0.732	0.0852	-0.628	-0.942	-0.996	-1.0	1	0:00:39.466100
8020	6	3	0.00415	-0.416	-0.75	-0.93	-0.989	-0.999	-1.0	0.00338	-0.681	-0.954	-0.997	-1.0	-1.0	-1.0	0	0:00:39.457342
8040	2	2	0.877	0.634	0.0933	-0.557	-0.911	-0.992	-1.0	0.877	0.411	-0.354	-0.855	-0.986	-0.999	-1.0	1	0:00:39.349708
8060	6	6	0.928	0.718	0.18	-0.512	-0.9	-0.991	-1.0	0.928	0.574	-0.161	-0.771	-0.972	-0.999	-1.0	1	0:00:39.395271
8080	4	4	0.345	-0.0489	-0.479	-0.819	-0.967	-0.997	-1.0	0.344	-0.42	-0.88	-0.989	-1.0	-1.0	-1.0	1	0:00:39.397377
8100	6	-1	0.0	0.0	0.0	0.0	0.0	0.0	0.0	0.0	0.0	0.0	0.0	0.0	0.0	0.0	0	0:00:23.230307
8120	8	-1	0.0	0.0	0.0	0.0	0.0	0.0	0.0	0.0	0.0	0.0	0.0	0.0	0.0	0.0	0	0:00:23.336192
8140	5	7	0.0959	-0.281	-0.62	-0.869	-0.976	-0.998	-1.0	0.0956	-0.621	-0.94	-0.996	-1.0	-1.0	-1.0	0	0:00:39.661829
8160	6	6	0.987	0.867	0.388	-0.376	-0.864	-0.987	-1.0	0.987	0.864	0.377	-0.389	-0.869	-0.988	-1.0	1	0:00:39.371620
8180	4	4	0.419	-0.044	-0.525	-0.852	-0.975	-0.998	-1.0	0.419	-0.346	-0.853	-0.986	-0.999	-1.0	-1.0	1	0:00:39.377724
8200	3	-1	0.0	0.0	0.0	0.0	0.0	0.0	0.0	0.0	0.0	0.0	0.0	0.0	0.0	0.0	0	0:00:23.304824
8220	6	5	0.0306	-0.38	-0.724	-0.922	-0.988	-0.999	-1.0	0.0303	-0.664	-0.95	-0.997	-1.0	-1.0	-1.0	0	0:00:39.510613
8240	7	7	0.897	0.603	-0.00515	-0.636	-0.934	-0.995	-1.0	0.897	0.473	-0.287	-0.828	-0.982	-0.999	-1.0	1	0:00:39.590965
8260	1	1	0.986	0.862	0.378	-0.384	-0.866	-0.987	-1.0	0.986	0.853	0.347	-0.418	-0.879	-0.989	-1.0	1	0:00:39.521703
8280	4	4	0.92	0.723	0.204	-0.491	-0.894	-0.99	-1.0	0.92	0.548	-0.196	-0.788	-0.975	-0.999	-1.0	1	0:00:39.440043
8300	5	-1	0.0	0.0	0.0	0.0	0.0	0.0	0.0	0.0	0.0	0.0	0.0	0.0	0.0	0.0	0	0:00:23.215348
8320	7	7	0.487	0.0292	-0.465	-0.823	-0.969	-0.998	-1.0	0.487	-0.27	-0.821	-0.981	-0.999	-1.0	-1.0	1	0:00:39.584930
8340	5	5	0.171	-0.251	-0.629	-0.879	-0.979	-0.998	-1.0	0.171	-0.567	-0.926	-0.995	-1.0	-1.0	-1.0	1	0:00:39.386221
8360	7	7	0.985	0.863	0.383	-0.379	-0.864	-0.987	-1.0	0.986	0.852	0.344	-0.421	-0.88	-0.989	-1.0	1	0:00:39.235780
8380	9	9	0.969	0.827	0.336	-0.409	-0.872	-0.988	-1.0	0.969	0.751	0.122	-0.603	-0.935	-0.996	-1.0	1	0:00:39.223619
8400	0	0	0.33	-0.181	-0.637	-0.898	-0.984	-0.999	-1.0	0.33	-0.434	-0.885	-0.99	-1.0	-1.0	-1.0	1	0:00:39.395555
8420	3	6	0.797	0.476	-0.0811	-0.65	-0.932	-0.994	-1.0	0.797	0.216	-0.532	-0.916	-0.994	-1.0	-1.0	0	0:00:39.388349
8440	5	5	0.235	-0.164	-0.549	-0.84	-0.97	-0.997	-1.0	0.235	-0.517	-0.911	-0.993	-1.0	-1.0	-1.0	1	0:00:39.237835
8460	8	8	0.969	0.801	0.271	-0.464	-0.89	-0.99	-1.0	0.969	0.752	0.123	-0.602	-0.935	-0.996	-1.0	1	0:00:39.206060
8480	2	2	0.378	0.0653	-0.353	-0.754	-0.952	-0.996	-1.0	0.377	-0.389	-0.868	-0.988	-1.0	-1.0	-1.0	1	0:00:39.362368
8500	4	4	0.8	0.523	-0.0137	-0.612	-0.924	-0.993	-1.0	0.8	0.222	-0.527	-0.914	-0.993	-1.0	-1.0	1	0:00:39.313017
8520	8	8	0.732	0.308	-0.293	-0.771	-0.962	-0.997	-1.0	0.732	0.0861	-0.628	-0.941	-0.996	-1.0	-1.0	1	0:00:39.454062
8540	4	-1	0.0	0.0	0.0	0.0	0.0	0.0	0.0	0.0	0.0	0.0	0.0	0.0	0.0	0.0	0	0:00:23.222313
8560	7	7	0.951	0.786	0.278	-0.447	-0.883	-0.989	-1.0	0.951	0.668	-0.0237	-0.697	-0.958	-0.998	-1.0	1	0:00:39.348462
8580	3	5	0.235	-0.0597	-0.437	-0.788	-0.959	-0.996	-1.0	0.234	-0.518	-0.911	-0.993	-1.0	-1.0	-1.0	0	0:00:39.234961
8600	3	-1	0.0	0.0	0.0	0.0	0.0	0.0	0.0	0.0	0.0	0.0	0.0	0.0	0.0	0.0	0	0:00:23.236453
8620	3	-1	0.0	0.0	0.0	0.0	0.0	0.0	0.0	0.0	0.0	0.0	0.0	0.0	0.0	0.0	0	0:00:23.324480
8640	1	1	0.873	0.569	-0.0221	-0.635	-0.932	-0.994	-1.0	0.873	0.401	-0.365	-0.86	-0.987	-0.999	-1.0	1	0:00:39.601583
8660	7	7	0.911	0.676	0.119	-0.551	-0.911	-0.992	-1.0	0.912	0.518	-0.233	-0.805	-0.978	-0.999	-1.0	1	0:00:39.278275
8680	3	-1	0.0	0.0	0.0	0.0	0.0	0.0	0.0	0.0	0.0	0.0	0.0	0.0	0.0	0.0	0	0:00:23.224990
8700	3	3	0.713	0.402	-0.124	-0.665	-0.936	-0.995	-1.0	0.713	0.051	-0.651	-0.947	-0.997	-1.0	-1.0	1	0:00:39.468854
8720	2	0	0.961	0.805	0.299	-0.437	-0.881	-0.989	-1.0	0.962	0.715	0.0557	-0.648	-0.946	-0.997	-1.0	0	0:00:39.716846
8740	2	2	0.445	-0.0209	-0.509	-0.844	-0.974	-0.998	-1.0	0.445	-0.318	-0.841	-0.984	-0.999	-1.0	-1.0	1	0:00:39.376264
8760	8	8	0.985	0.859	0.374	-0.387	-0.867	-0.988	-1.0	0.985	0.848	0.336	-0.428	-0.883	-0.99	-1.0	1	0:00:39.259839
8780	4	4	0.474	-0.0187	-0.533	-0.862	-0.978	-0.998	-1.0	0.474	-0.286	-0.828	-0.982	-0.999	-1.0	-1.0	1	0:00:39.351471
8800	0	0	0.946	0.797	0.308	-0.424	-0.876	-0.988	-1.0	0.946	0.644	-0.0612	-0.718	-0.962	-0.998	-1.0	1	0:00:39.248406
8820	2	2	0.987	0.867	0.39	-0.374	-0.863	-0.987	-1.0	0.987	0.859	0.364	-0.402	-0.873	-0.989	-1.0	1	0:00:39.212694
8840	2	2	0.166	-0.183	-0.55	-0.841	-0.971	-0.998	-1.0	0.165	-0.571	-0.927	-0.995	-1.0	-1.0	-1.0	1	0:00:39.641874
8860	2	2	0.975	0.83	0.328	-0.42	-0.876	-0.989	-1.0	0.975	0.788	0.196	-0.548	-0.92	-0.994	-1.0	1	0:00:39.453376
8880	1	1	0.979	0.83	0.312	-0.438	-0.883	-0.99	-1.0	0.979	0.811	0.246	-0.507	-0.908	-0.993	-1.0	1	0:00:39.137247
8900	2	4	0.287	-0.135	-0.562	-0.86	-0.976	-0.998	-1.0	0.287	-0.473	-0.897	-0.992	-1.0	-1.0	-1.0	0	0:00:39.385991
8920	6	6	0.851	0.534	-0.0526	-0.647	-0.934	-0.994	-1.0	0.851	0.343	-0.421	-0.88	-0.989	-1.0	-1.0	1	0:00:38.544058
8940	6	3	0.609	0.208	-0.321	-0.764	-0.958	-0.997	-1.0	0.609	-0.113	-0.747	-0.968	-0.998	-1.0	-1.0	0	0:00:36.987215
8960	0	0	0.0656	-0.235	-0.564	-0.841	-0.97	-0.997	-1.0	0.0644	-0.642	-0.945	-0.996	-1.0	-1.0	-1.0	1	0:00:37.075076
8980	9	9	0.986	0.863	0.381	-0.382	-0.865	-0.987	-1.0	0.986	0.857	0.358	-0.407	-0.875	-0.989	-1.0	1	0:00:37.072153
9000	8	8	0.987	0.865	0.385	-0.378	-0.864	-0.987	-1.0	0.987	0.86	0.365	-0.4	-0.873	-0.988	-1.0	1	0:00:38.041311
9020	7	7	0.984	0.85	0.349	-0.41	-0.875	-0.989	-1.0	0.984	0.842	0.32	-0.443	-0.888	-0.99	-1.0	1	0:00:38.298992
9040	2	5	0.899	0.667	0.121	-0.545	-0.909	-0.992	-1.0	0.899	0.478	-0.281	-0.826	-0.982	-0.999	-1.0	0	0:00:37.694158
9060	9	9	0.842	0.462	-0.18	-0.731	-0.956	-0.997	-1.0	0.842	0.319	-0.444	-0.888	-0.99	-1.0	-1.0	1	0:00:37.960560
9080	3	3	0.241	-0.129	-0.524	-0.833	-0.969	-0.997	-1.0	0.24	-0.512	-0.91	-0.993	-1.0	-1.0	-1.0	1	0:00:37.825416
9100	9	1	0.494	-0.0638	-0.604	-0.9	-0.986	-0.999	-1.0	0.494	-0.262	-0.818	-0.98	-0.999	-1.0	-1.0	0	0:00:37.755778
9120	3	-1	0.0	0.0	0.0	0.0	0.0	0.0	0.0	0.0	0.0	0.0	0.0	0.0	0.0	0.0	0	0:00:23.006435
9140	7	7	0.786	0.391	-0.214	-0.732	-0.953	-0.996	-1.0	0.786	0.191	-0.552	-0.921	-0.994	-1.0	-1.0	1	0:00:37.937118
9160	5	3	0.26	-0.122	-0.527	-0.837	-0.971	-0.998	-1.0	0.26	-0.496	-0.905	-0.992	-1.0	-1.0	-1.0	0	0:00:37.810548
9180	5	5	0.986	0.866	0.388	-0.375	-0.863	-0.987	-1.0	0.987	0.859	0.362	-0.404	-0.874	-0.989	-1.0	1	0:00:38.042742
9200	8	8	0.956	0.781	0.258	-0.465	-0.889	-0.99	-1.0	0.956	0.688	0.00902	-0.677	-0.953	-0.997	-1.0	1	0:00:38.116262
9220	8	8	0.968	0.806	0.287	-0.45	-0.885	-0.99	-1.0	0.968	0.748	0.116	-0.607	-0.936	-0.996	-1.0	1	0:00:38.096905
9240	8	8	0.779	0.401	-0.192	-0.718	-0.95	-0.996	-1.0	0.779	0.177	-0.563	-0.924	-0.995	-1.0	-1.0	1	0:00:39.099672
9260	5	5	0.411	0.0573	-0.378	-0.768	-0.955	-0.996	-1.0	0.41	-0.355	-0.856	-0.986	-0.999	-1.0	-1.0	1	0:00:38.709713
9280	9	8	0.128	-0.388	-0.762	-0.94	-0.992	-0.999	-1.0	0.128	-0.598	-0.934	-0.995	-1.0	-1.0	-1.0	0	0:00:37.761115
9300	5	-1	0.0	0.0	0.0	0.0	0.0	0.0	0.0	0.0	0.0	0.0	0.0	0.0	0.0	0.0	0	0:00:23.041772
9320	9	9	0.986	0.862	0.376	-0.387	-0.867	-0.988	-1.0	0.987	0.859	0.363	-0.403	-0.874	-0.989	-1.0	1	0:00:37.853904
9340	1	1	0.988	0.869	0.392	-0.373	-0.863	-0.987	-1.0	0.988	0.868	0.387	-0.379	-0.865	-0.987	-1.0	1	0:00:37.786947
9360	5	0	0.216	-0.228	-0.626	-0.882	-0.98	-0.998	-1.0	0.216	-0.532	-0.916	-0.994	-1.0	-1.0	-1.0	0	0:00:37.843618
9380	5	3	0.0729	-0.329	-0.683	-0.903	-0.984	-0.999	-1.0	0.0721	-0.637	-0.944	-0.996	-1.0	-1.0	-1.0	0	0:00:37.132421
9400	6	6	0.987	0.866	0.386	-0.378	-0.864	-0.987	-1.0	0.987	0.862	0.371	-0.395	-0.871	-0.988	-1.0	1	0:00:37.067152
9420	5	5	0.907	0.681	0.141	-0.53	-0.904	-0.991	-1.0	0.907	0.504	-0.251	-0.813	-0.98	-0.999	-1.0	1	0:00:37.128338
9440	8	8	0.891	0.593	-0.013	-0.637	-0.934	-0.995	-1.0	0.892	0.455	-0.307	-0.837	-0.983	-0.999	-1.0	1	0:00:37.142281
9460	3	3	0.264	-0.24	-0.672	-0.909	-0.986	-0.999	-1.0	0.264	-0.493	-0.904	-0.992	-1.0	-1.0	-1.0	1	0:00:37.192009
9480	2	2	0.302	-0.158	-0.602	-0.882	-0.982	-0.999	-1.0	0.302	-0.46	-0.893	-0.991	-1.0	-1.0	-1.0	1	0:00:37.161124
9500	9	9	0.903	0.643	0.0686	-0.583	-0.919	-0.993	-1.0	0.903	0.491	-0.266	-0.82	-0.981	-0.999	-1.0	1	0:00:37.100087
9520	1	1	0.926	0.705	0.153	-0.532	-0.907	-0.992	-1.0	0.926	0.567	-0.17	-0.776	-0.973	-0.999	-1.0	1	0:00:37.241802
9540	5	5	0.819	0.545	0.00539	-0.602	-0.921	-0.993	-1.0	0.819	0.265	-0.491	-0.903	-0.992	-1.0	-1.0	1	0:00:37.228849
9560	9	7	0.282	-0.15	-0.54	-0.834	-0.969	-0.997	-1.0	0.282	-0.477	-0.899	-0.992	-1.0	-1.0	-1.0	0	0:00:37.089569
9580	1	1	0.988	0.87	0.393	-0.372	-0.862	-0.987	-1.0	0.988	0.87	0.393	-0.373	-0.863	-0.987	-1.0	1	0:00:37.053752
9600	8	8	0.666	0.143	-0.474	-0.859	-0.981	-0.999	-1.0	0.666	-0.0276	-0.699	-0.958	-0.998	-1.0	-1.0	1	0:00:37.090997
9620	4	4	0.712	0.215	-0.42	-0.841	-0.978	-0.999	-1.0	0.712	0.0497	-0.652	-0.947	-0.997	-1.0	-1.0	1	0:00:37.092802
9640	5	5	0.552	0.143	-0.369	-0.784	-0.962	-0.997	-1.0	0.552	-0.191	-0.786	-0.975	-0.999	-1.0	-1.0	1	0:00:37.051891
9660	6	6	0.979	0.838	0.337	-0.414	-0.875	-0.988	-1.0	0.979	0.807	0.236	-0.516	-0.911	-0.993	-1.0	1	0:00:37.071661
9680	8	8	0.956	0.785	0.265	-0.46	-0.887	-0.99	-1.0	0.956	0.691	0.0137	-0.674	-0.953	-0.997	-1.0	1	0:00:37.094596
9700	0	0	0.915	0.676	0.12	-0.548	-0.91	-0.992	-1.0	0.915	0.53	-0.219	-0.799	-0.977	-0.999	-1.0	1	0:00:37.508367
9720	8	-1	0.0	0.0	0.0	0.0	0.0	0.0	0.0	0.0	0.0	0.0	0.0	0.0	0.0	0.0	0	0:00:22.965611
9740	3	6	0.411	-0.0702	-0.547	-0.861	-0.977	-0.998	-1.0	0.411	-0.354	-0.856	-0.986	-0.999	-1.0	-1.0	0	0:00:37.376673
9760	9	9	0.0398	-0.397	-0.717	-0.911	-0.985	-0.999	-1.0	0.0398	-0.658	-0.949	-0.997	-1.0	-1.0	-1.0	1	0:00:37.241803
9780	4	4	0.341	-0.136	-0.595	-0.881	-0.981	-0.999	-1.0	0.341	-0.424	-0.881	-0.99	-1.0	-1.0	-1.0	1	0:00:37.077050
9800	1	1	0.988	0.871	0.396	-0.369	-0.861	-0.987	-0.999	0.988	0.871	0.396	-0.37	-0.861	-0.987	-1.0	1	0:00:37.082725
9820	0	8	0.105	-0.413	-0.776	-0.944	-0.992	-0.999	-1.0	0.105	-0.615	-0.938	-0.996	-1.0	-1.0	-1.0	0	0:00:37.090062
9840	4	7	0.694	0.38	-0.129	-0.659	-0.933	-0.994	-1.0	0.694	0.0185	-0.671	-0.952	-0.997	-1.0	-1.0	0	0:00:37.104193
9860	0	-1	0.0	0.0	0.0	0.0	0.0	0.0	0.0	0.0	0.0	0.0	0.0	0.0	0.0	0.0	0	0:00:22.977648
9880	7	7	0.128	-0.393	-0.778	-0.95	-0.994	-1.0	-1.0	0.128	-0.599	-0.934	-0.995	-1.0	-1.0	-1.0	1	0:00:37.220172
9900	8	8	0.987	0.866	0.384	-0.38	-0.865	-0.987	-1.0	0.987	0.863	0.374	-0.392	-0.87	-0.988	-1.0	1	0:00:37.202178
9920	6	6	0.985	0.86	0.375	-0.386	-0.867	-0.988	-1.0	0.985	0.849	0.336	-0.428	-0.882	-0.99	-1.0	1	0:00:37.115765
9940	4	4	0.0701	-0.344	-0.691	-0.904	-0.984	-0.999	-1.0	0.0697	-0.639	-0.944	-0.996	-1.0	-1.0	-1.0	1	0:00:37.085894
9960	2	0	0.944	0.778	0.273	-0.449	-0.883	-0.989	-1.0	0.944	0.639	-0.0694	-0.723	-0.963	-0.998	-1.0	0	0:00:37.120576
9980	0	0	0.985	0.865	0.39	-0.373	-0.862	-0.987	-1.0	0.985	0.845	0.328	-0.436	-0.885	-0.99	-1.0	1	0:00:37.164174
