idx	label	predict	exp_cdf_00	exp_cdf_25	exp_cdf_50	exp_cdf_75	exp_cdf_100	exp_cdf_125	exp_cdf_150	exp_00	exp_25	exp_50	exp_75	exp_100	exp_125	exp_150	correct	time
0	0	394	0.0151	-0.0972	-0.221	-0.364	-0.523	-0.682	-0.817	0.0133	-0.371	-0.675	-0.862	-0.953	-0.987	-0.997	0	0:02:08.631764
100	2	2	0.78	0.697	0.566	0.365	0.088	-0.233	-0.536	0.78	0.533	0.18	-0.215	-0.56	-0.797	-0.924	1	0:02:09.729684
200	4	-1	0.0	0.0	0.0	0.0	0.0	0.0	0.0	0.0	0.0	0.0	0.0	0.0	0.0	0.0	0	0:01:54.444232
300	6	6	0.409	0.259	0.0815	-0.124	-0.348	-0.568	-0.752	0.409	0.0296	-0.357	-0.664	-0.857	-0.95	-0.986	1	0:02:10.645212
400	8	8	0.824	0.738	0.598	0.381	0.0885	-0.243	-0.548	0.824	0.607	0.277	-0.116	-0.482	-0.748	-0.9	1	0:02:10.547119
500	10	10	0.928	0.875	0.769	0.576	0.282	-0.0806	-0.436	0.928	0.806	0.575	0.234	-0.16	-0.517	-0.771	1	0:02:09.888764
600	12	-1	0.0	0.0	0.0	0.0	0.0	0.0	0.0	0.0	0.0	0.0	0.0	0.0	0.0	0.0	0	0:01:55.078719
700	14	14	0.984	0.951	0.863	0.682	0.385	0.00513	-0.377	0.984	0.945	0.844	0.642	0.325	-0.0644	-0.439	1	0:02:11.256386
800	16	16	0.654	0.495	0.298	0.0626	-0.2	-0.462	-0.687	0.654	0.341	-0.0463	-0.423	-0.71	-0.881	-0.96	1	0:02:10.192821
900	18	-1	0.0	0.0	0.0	0.0	0.0	0.0	0.0	0.0	0.0	0.0	0.0	0.0	0.0	0.0	0	0:01:55.196481
1000	20	20	0.924	0.848	0.71	0.485	0.174	-0.182	-0.511	0.924	0.799	0.563	0.219	-0.176	-0.53	-0.779	1	0:02:11.557212
1100	22	21	0.625	0.484	0.299	0.067	-0.2	-0.469	-0.696	0.625	0.301	-0.0905	-0.461	-0.735	-0.893	-0.965	0	0:02:10.495894
1200	24	24	0.978	0.94	0.846	0.658	0.359	-0.0193	-0.395	0.978	0.927	0.805	0.573	0.232	-0.162	-0.519	1	0:02:11.053728
1300	26	-1	0.0	0.0	0.0	0.0	0.0	0.0	0.0	0.0	0.0	0.0	0.0	0.0	0.0	0.0	0	0:01:55.047483
1400	28	-1	0.0	0.0	0.0	0.0	0.0	0.0	0.0	0.0	0.0	0.0	0.0	0.0	0.0	0.0	0	0:01:56.006778
1500	30	30	0.753	0.627	0.444	0.2	-0.0933	-0.394	-0.651	0.753	0.489	0.125	-0.268	-0.6	-0.82	-0.935	1	0:02:12.801641
1600	32	103	0.159	0.0239	-0.119	-0.278	-0.454	-0.632	-0.785	0.159	-0.236	-0.576	-0.806	-0.928	-0.979	-0.995	0	0:02:12.024380
1700	34	336	0.0296	-0.0803	-0.202	-0.347	-0.51	-0.675	-0.814	0.0284	-0.358	-0.665	-0.857	-0.951	-0.986	-0.997	0	0:02:10.544599
1800	36	35	0.192	0.0942	-0.0275	-0.182	-0.368	-0.566	-0.743	0.189	-0.205	-0.553	-0.792	-0.922	-0.976	-0.994	0	0:02:11.548597
1900	38	44	0.665	0.538	0.366	0.14	-0.13	-0.412	-0.658	0.665	0.357	-0.0291	-0.408	-0.7	-0.876	-0.958	0	0:02:11.569072
2000	40	46	0.0134	-0.0797	-0.194	-0.335	-0.498	-0.664	-0.807	0.0103	-0.374	-0.676	-0.863	-0.953	-0.987	-0.997	0	0:02:11.618609
2100	42	48	0.804	0.698	0.538	0.312	0.023	-0.294	-0.581	0.804	0.573	0.231	-0.163	-0.52	-0.772	-0.912	0	0:02:10.982200
2200	44	44	0.146	-0.00785	-0.175	-0.354	-0.534	-0.7	-0.832	0.145	-0.249	-0.586	-0.812	-0.931	-0.979	-0.995	1	0:02:11.078988
2300	46	40	0.19	0.112	0.00987	-0.131	-0.313	-0.518	-0.71	0.188	-0.207	-0.554	-0.793	-0.922	-0.976	-0.994	0	0:02:11.519751
2400	48	-1	0.0	0.0	0.0	0.0	0.0	0.0	0.0	0.0	0.0	0.0	0.0	0.0	0.0	0.0	0	0:01:55.116756
2500	50	47	0.454	0.252	0.025	-0.215	-0.448	-0.654	-0.81	0.454	0.0832	-0.308	-0.63	-0.837	-0.942	-0.983	0	0:02:12.377017
2600	52	329	0.126	-0.0224	-0.182	-0.354	-0.531	-0.696	-0.829	0.124	-0.269	-0.601	-0.821	-0.935	-0.981	-0.996	0	0:02:11.050253
2700	54	57	0.489	0.387	0.255	0.0753	-0.154	-0.409	-0.645	0.488	0.124	-0.269	-0.601	-0.821	-0.935	-0.981	0	0:02:11.473825
2800	56	56	0.946	0.895	0.788	0.592	0.292	-0.0754	-0.434	0.946	0.846	0.645	0.329	-0.0599	-0.435	-0.718	1	0:02:11.701506
2900	58	-1	0.0	0.0	0.0	0.0	0.0	0.0	0.0	0.0	0.0	0.0	0.0	0.0	0.0	0.0	0	0:01:55.745820
3000	60	62	0.126	0.0191	-0.111	-0.269	-0.448	-0.63	-0.786	0.124	-0.269	-0.601	-0.821	-0.935	-0.981	-0.996	0	0:02:12.124586
3100	62	61	0.56	0.44	0.285	0.0838	-0.161	-0.424	-0.659	0.56	0.214	-0.181	-0.534	-0.781	-0.916	-0.974	0	0:02:11.619761
3200	64	64	0.611	0.524	0.397	0.211	-0.039	-0.325	-0.593	0.61	0.281	-0.111	-0.478	-0.746	-0.899	-0.968	1	0:02:11.770292
3300	66	42	0.273	0.111	-0.0607	-0.245	-0.441	-0.63	-0.788	0.273	-0.12	-0.485	-0.75	-0.901	-0.968	-0.992	0	0:02:11.833994
3400	68	111	0.715	0.599	0.439	0.223	-0.0476	-0.342	-0.608	0.715	0.431	0.0557	-0.333	-0.648	-0.847	-0.946	0	0:02:11.790294
3500	70	70	0.987	0.954	0.869	0.689	0.393	0.0127	-0.371	0.987	0.952	0.86	0.67	0.365	-0.0203	-0.401	1	0:02:08.689233
3600	72	72	0.453	0.38	0.274	0.114	-0.108	-0.367	-0.615	0.452	0.0802	-0.31	-0.632	-0.838	-0.942	-0.984	1	0:02:09.413538
3700	74	78	0.779	0.626	0.404	0.121	-0.193	-0.488	-0.721	0.779	0.531	0.178	-0.217	-0.562	-0.798	-0.924	0	0:02:08.979288
3800	76	76	0.105	-0.0202	-0.15	-0.298	-0.466	-0.639	-0.79	0.105	-0.287	-0.615	-0.829	-0.938	-0.982	-0.996	1	0:02:09.064567
3900	78	78	0.745	0.61	0.42	0.17	-0.122	-0.418	-0.668	0.745	0.476	0.11	-0.283	-0.611	-0.827	-0.937	1	0:02:09.277321
4000	80	80	0.984	0.95	0.862	0.68	0.384	0.00451	-0.377	0.984	0.943	0.84	0.635	0.315	-0.0754	-0.448	1	0:02:09.378557
4100	82	82	0.711	0.628	0.499	0.301	0.0325	-0.276	-0.565	0.711	0.425	0.0482	-0.34	-0.653	-0.85	-0.948	1	0:02:11.274076
4200	84	84	0.479	0.329	0.156	-0.0455	-0.273	-0.507	-0.711	0.479	0.113	-0.28	-0.609	-0.826	-0.937	-0.982	1	0:02:09.027827
4300	86	86	0.147	0.0639	-0.041	-0.18	-0.356	-0.551	-0.73	0.144	-0.25	-0.587	-0.813	-0.931	-0.98	-0.995	1	0:02:08.938585
4400	88	88	0.247	0.0423	-0.177	-0.397	-0.599	-0.762	-0.878	0.247	-0.147	-0.507	-0.764	-0.908	-0.971	-0.993	1	0:02:11.542332
4500	90	90	0.984	0.951	0.863	0.682	0.385	0.00551	-0.377	0.984	0.945	0.844	0.641	0.324	-0.0652	-0.439	1	0:02:11.525266
4600	92	92	0.336	0.167	-0.0231	-0.231	-0.445	-0.643	-0.801	0.336	-0.0522	-0.428	-0.713	-0.883	-0.961	-0.99	1	0:02:11.589912
4700	94	94	0.949	0.899	0.792	0.594	0.292	-0.0771	-0.436	0.949	0.854	0.659	0.349	-0.0375	-0.416	-0.705	1	0:02:11.338259
4800	96	96	0.971	0.935	0.846	0.665	0.371	-0.00564	-0.384	0.971	0.907	0.762	0.503	0.142	-0.252	-0.588	1	0:02:11.309305
4900	98	98	0.256	0.0888	-0.0916	-0.285	-0.484	-0.669	-0.816	0.255	-0.139	-0.5	-0.76	-0.906	-0.97	-0.993	1	0:02:11.143621
5000	100	100	0.963	0.922	0.828	0.642	0.345	-0.0282	-0.4	0.963	0.887	0.722	0.441	0.0671	-0.322	-0.64	1	0:02:11.111948
5100	102	102	0.98	0.944	0.855	0.671	0.375	-0.00391	-0.383	0.98	0.931	0.813	0.587	0.251	-0.143	-0.504	1	0:02:10.943726
5200	104	104	0.337	0.137	-0.0795	-0.302	-0.514	-0.698	-0.836	0.336	-0.0518	-0.428	-0.713	-0.882	-0.961	-0.99	1	0:02:10.955403
5300	106	106	0.837	0.715	0.526	0.263	-0.0528	-0.375	-0.646	0.837	0.63	0.308	-0.0832	-0.454	-0.731	-0.891	1	0:02:11.122243
5400	108	470	0.473	0.301	0.106	-0.112	-0.343	-0.567	-0.753	0.473	0.105	-0.287	-0.614	-0.829	-0.938	-0.982	0	0:02:11.229735
5500	110	110	0.814	0.732	0.598	0.391	0.105	-0.224	-0.532	0.814	0.589	0.252	-0.142	-0.502	-0.761	-0.907	1	0:02:11.459203
5600	112	112	0.497	0.335	0.152	-0.0556	-0.284	-0.515	-0.716	0.497	0.135	-0.259	-0.594	-0.817	-0.933	-0.98	1	0:02:11.304852
5700	114	113	0.782	0.666	0.496	0.26	-0.0319	-0.342	-0.615	0.782	0.535	0.183	-0.212	-0.558	-0.795	-0.923	0	0:02:11.415290
5800	116	116	0.974	0.927	0.821	0.619	0.309	-0.0698	-0.435	0.974	0.915	0.778	0.53	0.175	-0.219	-0.564	1	0:02:11.474770
5900	118	118	0.39	0.274	0.13	-0.0506	-0.267	-0.497	-0.702	0.389	0.00693	-0.377	-0.678	-0.864	-0.954	-0.987	1	0:02:11.568304
6000	120	-1	0.0	0.0	0.0	0.0	0.0	0.0	0.0	0.0	0.0	0.0	0.0	0.0	0.0	0.0	0	0:01:55.427696
6100	122	122	0.749	0.657	0.516	0.308	0.0318	-0.28	-0.569	0.749	0.483	0.118	-0.275	-0.606	-0.823	-0.936	1	0:02:12.352269
6200	124	123	0.127	0.00454	-0.131	-0.285	-0.458	-0.633	-0.785	0.125	-0.268	-0.6	-0.82	-0.935	-0.981	-0.996	0	0:02:11.657411
6300	126	126	0.144	-0.0574	-0.261	-0.456	-0.631	-0.776	-0.881	0.144	-0.25	-0.587	-0.813	-0.931	-0.98	-0.995	1	0:02:11.268131
6400	128	128	0.944	0.899	0.802	0.615	0.322	-0.0465	-0.412	0.944	0.842	0.638	0.319	-0.0711	-0.444	-0.724	1	0:02:11.328622
6500	130	130	0.849	0.738	0.564	0.315	0.0037	-0.324	-0.61	0.849	0.65	0.336	-0.0518	-0.428	-0.713	-0.882	1	0:02:11.304430
6600	132	132	0.959	0.914	0.815	0.624	0.326	-0.0454	-0.413	0.959	0.877	0.702	0.411	0.0324	-0.354	-0.663	1	0:02:11.535275
6700	134	132	0.185	0.0653	-0.0704	-0.23	-0.412	-0.6	-0.765	0.184	-0.211	-0.557	-0.795	-0.923	-0.977	-0.994	0	0:02:11.258435
6800	136	136	0.988	0.957	0.871	0.692	0.397	0.0155	-0.369	0.988	0.957	0.871	0.692	0.396	0.0153	-0.369	1	0:02:11.285459
6900	138	138	0.947	0.89	0.774	0.568	0.262	-0.106	-0.458	0.947	0.848	0.648	0.334	-0.0545	-0.43	-0.715	1	0:02:11.337941
7000	140	140	0.944	0.898	0.799	0.611	0.317	-0.0507	-0.415	0.944	0.841	0.637	0.318	-0.0718	-0.445	-0.724	1	0:02:11.367178
7100	142	135	0.214	-0.00473	-0.227	-0.439	-0.626	-0.777	-0.883	0.213	-0.181	-0.534	-0.781	-0.916	-0.974	-0.994	0	0:02:11.281517
7200	144	-1	0.0	0.0	0.0	0.0	0.0	0.0	0.0	0.0	0.0	0.0	0.0	0.0	0.0	0.0	0	0:01:55.548784
7300	146	-1	0.0	0.0	0.0	0.0	0.0	0.0	0.0	0.0	0.0	0.0	0.0	0.0	0.0	0.0	0	0:01:56.788570
7400	148	148	0.988	0.956	0.871	0.691	0.396	0.0149	-0.37	0.988	0.956	0.87	0.689	0.392	0.00997	-0.374	1	0:02:12.618499
7500	150	360	0.714	0.596	0.43	0.205	-0.072	-0.367	-0.628	0.714	0.429	0.0533	-0.335	-0.649	-0.848	-0.947	0	0:02:11.315452
7600	152	152	0.818	0.73	0.587	0.369	0.0761	-0.254	-0.556	0.818	0.595	0.261	-0.132	-0.495	-0.757	-0.904	1	0:02:11.307910
7700	154	-1	0.0	0.0	0.0	0.0	0.0	0.0	0.0	0.0	0.0	0.0	0.0	0.0	0.0	0.0	0	0:01:55.424809
7800	156	156	0.762	0.661	0.511	0.294	0.0122	-0.3	-0.584	0.761	0.503	0.142	-0.252	-0.589	-0.814	-0.931	1	0:02:12.486459
7900	158	158	0.294	0.167	0.0203	-0.154	-0.354	-0.56	-0.742	0.293	-0.0986	-0.467	-0.739	-0.896	-0.966	-0.991	1	0:02:11.464492
8000	160	160	0.958	0.899	0.776	0.558	0.241	-0.132	-0.481	0.958	0.875	0.698	0.406	0.026	-0.36	-0.667	1	0:02:11.507536
8100	162	162	0.795	0.696	0.538	0.307	0.00963	-0.312	-0.598	0.795	0.557	0.21	-0.184	-0.537	-0.782	-0.917	1	0:02:11.410144
8200	164	217	0.125	-0.0497	-0.228	-0.407	-0.581	-0.735	-0.855	0.124	-0.269	-0.601	-0.821	-0.935	-0.981	-0.996	0	0:02:11.226496
8300	166	166	0.192	0.105	-0.0113	-0.165	-0.353	-0.556	-0.737	0.189	-0.206	-0.553	-0.793	-0.922	-0.976	-0.994	1	0:02:11.397690
8400	168	-1	0.0	0.0	0.0	0.0	0.0	0.0	0.0	0.0	0.0	0.0	0.0	0.0	0.0	0.0	0	0:01:55.445694
8500	170	-1	0.0	0.0	0.0	0.0	0.0	0.0	0.0	0.0	0.0	0.0	0.0	0.0	0.0	0.0	0	0:01:56.605867
8600	172	172	0.0985	-0.00333	-0.128	-0.282	-0.459	-0.638	-0.791	0.0959	-0.296	-0.621	-0.832	-0.94	-0.983	-0.996	1	0:02:12.375444
8700	174	174	0.0997	-0.03	-0.173	-0.333	-0.505	-0.672	-0.813	0.0982	-0.294	-0.619	-0.831	-0.939	-0.983	-0.996	1	0:02:11.257498
8800	176	176	0.599	0.445	0.25	0.0145	-0.247	-0.503	-0.717	0.599	0.266	-0.128	-0.491	-0.754	-0.903	-0.969	1	0:02:11.261626
8900	178	178	0.917	0.851	0.728	0.519	0.218	-0.139	-0.479	0.917	0.782	0.535	0.183	-0.212	-0.558	-0.795	1	0:02:11.066227
9000	180	243	0.201	0.0928	-0.0301	-0.18	-0.361	-0.556	-0.735	0.2	-0.195	-0.545	-0.788	-0.919	-0.975	-0.994	0	0:02:10.716571
9100	182	760	0.0049	-0.0623	-0.15	-0.272	-0.43	-0.605	-0.766	0.00201	-0.381	-0.681	-0.866	-0.954	-0.987	-0.997	0	0:02:10.834707
9200	184	-1	0.0	0.0	0.0	0.0	0.0	0.0	0.0	0.0	0.0	0.0	0.0	0.0	0.0	0.0	0	0:01:54.992819
9300	186	192	0.381	0.26	0.111	-0.0729	-0.29	-0.517	-0.716	0.38	-0.00327	-0.386	-0.685	-0.867	-0.955	-0.988	0	0:02:12.263703
9400	188	188	0.233	0.0752	-0.106	-0.306	-0.509	-0.691	-0.832	0.232	-0.162	-0.519	-0.772	-0.912	-0.973	-0.993	1	0:02:11.322035
9500	190	190	0.973	0.937	0.848	0.667	0.372	-0.00475	-0.383	0.973	0.912	0.772	0.519	0.162	-0.232	-0.574	1	0:02:11.269135
9600	192	199	0.555	0.429	0.266	0.0587	-0.188	-0.446	-0.675	0.555	0.207	-0.187	-0.539	-0.784	-0.918	-0.975	0	0:02:11.075929
9700	194	-1	0.0	0.0	0.0	0.0	0.0	0.0	0.0	0.0	0.0	0.0	0.0	0.0	0.0	0.0	0	0:01:55.459136
9800	196	199	0.877	0.801	0.667	0.452	0.153	-0.193	-0.516	0.877	0.704	0.414	0.0353	-0.351	-0.661	-0.855	0	0:02:12.403400
9900	198	198	0.169	0.0222	-0.14	-0.318	-0.504	-0.68	-0.821	0.168	-0.227	-0.569	-0.802	-0.926	-0.978	-0.995	1	0:02:11.116166
10000	200	-1	0.0	0.0	0.0	0.0	0.0	0.0	0.0	0.0	0.0	0.0	0.0	0.0	0.0	0.0	0	0:01:55.257673
10100	202	202	0.385	0.253	0.0905	-0.106	-0.327	-0.55	-0.74	0.384	0.00119	-0.382	-0.682	-0.866	-0.954	-0.988	1	0:02:10.123292
10200	204	204	0.173	0.0377	-0.114	-0.285	-0.468	-0.646	-0.796	0.172	-0.223	-0.566	-0.8	-0.925	-0.978	-0.995	1	0:02:11.262224
10300	206	206	0.644	0.49	0.289	0.0413	-0.234	-0.501	-0.719	0.643	0.327	-0.0622	-0.437	-0.719	-0.885	-0.962	1	0:02:11.387236
10400	208	-1	0.0	0.0	0.0	0.0	0.0	0.0	0.0	0.0	0.0	0.0	0.0	0.0	0.0	0.0	0	0:01:55.294289
10500	210	210	0.573	0.431	0.252	0.0329	-0.219	-0.475	-0.695	0.573	0.232	-0.163	-0.52	-0.772	-0.912	-0.973	1	0:02:12.305732
10600	212	177	0.0633	-0.0943	-0.258	-0.426	-0.59	-0.738	-0.854	0.062	-0.327	-0.644	-0.845	-0.945	-0.985	-0.997	0	0:02:11.081759
10700	214	-1	0.0	0.0	0.0	0.0	0.0	0.0	0.0	0.0	0.0	0.0	0.0	0.0	0.0	0.0	0	0:01:55.428592
10800	216	216	0.77	0.651	0.48	0.247	-0.0394	-0.344	-0.614	0.77	0.516	0.159	-0.236	-0.576	-0.806	-0.928	1	0:02:12.236736
10900	218	218	0.883	0.835	0.737	0.555	0.271	-0.0841	-0.435	0.882	0.713	0.428	0.052	-0.336	-0.65	-0.849	1	0:02:11.060430
11000	220	220	0.68	0.558	0.391	0.17	-0.0997	-0.386	-0.639	0.68	0.379	-0.00467	-0.387	-0.686	-0.868	-0.955	1	0:02:11.107068
11100	222	-1	0.0	0.0	0.0	0.0	0.0	0.0	0.0	0.0	0.0	0.0	0.0	0.0	0.0	0.0	0	0:01:55.363332
11200	224	-1	0.0	0.0	0.0	0.0	0.0	0.0	0.0	0.0	0.0	0.0	0.0	0.0	0.0	0.0	0	0:01:56.542116
11300	226	226	0.726	0.609	0.445	0.222	-0.0554	-0.353	-0.619	0.726	0.447	0.0744	-0.316	-0.635	-0.84	-0.943	1	0:02:12.132613
11400	228	228	0.775	0.637	0.443	0.193	-0.0988	-0.396	-0.651	0.775	0.525	0.169	-0.225	-0.568	-0.802	-0.926	1	0:02:11.093841
11500	230	231	0.166	0.0468	-0.0902	-0.25	-0.431	-0.615	-0.774	0.164	-0.23	-0.572	-0.804	-0.927	-0.978	-0.995	0	0:02:11.233914
11600	232	232	0.516	0.379	0.204	-0.0118	-0.257	-0.503	-0.713	0.515	0.158	-0.237	-0.577	-0.807	-0.928	-0.979	1	0:02:11.024939
11700	234	234	0.0139	-0.0857	-0.196	-0.327	-0.48	-0.643	-0.788	0.0118	-0.373	-0.676	-0.863	-0.953	-0.987	-0.997	1	0:02:11.007774
11800	236	-1	0.0	0.0	0.0	0.0	0.0	0.0	0.0	0.0	0.0	0.0	0.0	0.0	0.0	0.0	0	0:01:55.352502
11900	238	238	0.152	0.0736	-0.0268	-0.162	-0.338	-0.535	-0.719	0.15	-0.245	-0.583	-0.81	-0.93	-0.979	-0.995	1	0:02:12.175640
12000	240	238	0.511	0.432	0.317	0.147	-0.0849	-0.354	-0.608	0.509	0.15	-0.244	-0.582	-0.81	-0.93	-0.979	0	0:02:11.159437
12100	242	242	0.158	0.0292	-0.113	-0.274	-0.452	-0.631	-0.785	0.156	-0.238	-0.578	-0.807	-0.929	-0.979	-0.995	1	0:02:10.999259
12200	244	244	0.984	0.95	0.863	0.681	0.385	0.00505	-0.377	0.984	0.944	0.842	0.638	0.319	-0.071	-0.444	1	0:02:11.128421
12300	246	-1	0.0	0.0	0.0	0.0	0.0	0.0	0.0	0.0	0.0	0.0	0.0	0.0	0.0	0.0	0	0:01:55.261156
12400	248	-1	0.0	0.0	0.0	0.0	0.0	0.0	0.0	0.0	0.0	0.0	0.0	0.0	0.0	0.0	0	0:01:56.395728
12500	250	-1	0.0	0.0	0.0	0.0	0.0	0.0	0.0	0.0	0.0	0.0	0.0	0.0	0.0	0.0	0	0:01:56.347218
12600	252	252	0.106	-0.0683	-0.246	-0.423	-0.592	-0.742	-0.858	0.105	-0.287	-0.615	-0.829	-0.938	-0.982	-0.996	1	0:02:12.711926
12700	254	245	0.0515	-0.074	-0.211	-0.364	-0.53	-0.691	-0.824	0.05	-0.338	-0.651	-0.849	-0.947	-0.985	-0.997	0	0:02:11.027914
12800	256	256	0.768	0.68	0.541	0.331	0.0486	-0.27	-0.564	0.768	0.514	0.155	-0.239	-0.579	-0.808	-0.929	1	0:02:11.136234
12900	258	258	0.344	0.173	-0.0161	-0.221	-0.431	-0.629	-0.789	0.343	-0.0444	-0.422	-0.709	-0.88	-0.96	-0.989	1	0:02:10.901078
13000	260	260	0.646	0.465	0.232	-0.0399	-0.322	-0.576	-0.771	0.646	0.331	-0.058	-0.433	-0.717	-0.884	-0.962	1	0:02:10.920096
13100	262	262	0.955	0.907	0.802	0.606	0.305	-0.0648	-0.427	0.955	0.868	0.686	0.388	0.00582	-0.378	-0.679	1	0:02:10.861217
13200	264	-1	0.0	0.0	0.0	0.0	0.0	0.0	0.0	0.0	0.0	0.0	0.0	0.0	0.0	0.0	0	0:01:54.894613
13300	266	266	0.341	0.265	0.158	0.00383	-0.202	-0.438	-0.66	0.339	-0.0493	-0.426	-0.712	-0.882	-0.961	-0.99	1	0:02:12.060931
13400	268	268	0.905	0.84	0.719	0.515	0.218	-0.136	-0.475	0.905	0.758	0.497	0.135	-0.259	-0.594	-0.817	1	0:02:10.933538
13500	270	270	0.884	0.819	0.697	0.491	0.195	-0.156	-0.49	0.884	0.717	0.434	0.0587	-0.33	-0.646	-0.846	1	0:02:10.896507
13600	272	277	0.152	0.0427	-0.0886	-0.248	-0.433	-0.62	-0.781	0.15	-0.244	-0.583	-0.81	-0.93	-0.979	-0.995	0	0:02:10.973508
13700	274	274	0.976	0.937	0.842	0.652	0.352	-0.0262	-0.401	0.976	0.922	0.793	0.553	0.206	-0.189	-0.54	1	0:02:11.011798
13800	276	276	0.981	0.944	0.852	0.666	0.368	-0.0111	-0.389	0.981	0.934	0.819	0.598	0.264	-0.129	-0.492	1	0:02:10.838451
13900	278	277	0.147	0.0666	-0.036	-0.173	-0.349	-0.544	-0.726	0.144	-0.25	-0.587	-0.813	-0.931	-0.98	-0.995	0	0:02:10.901503
14000	280	280	0.884	0.806	0.67	0.45	0.146	-0.201	-0.523	0.884	0.716	0.433	0.0577	-0.331	-0.646	-0.847	1	0:02:11.571316
14100	282	281	0.0503	-0.00314	-0.0803	-0.196	-0.356	-0.543	-0.722	0.0461	-0.342	-0.654	-0.851	-0.948	-0.985	-0.997	0	0:02:10.995710
14200	284	284	0.986	0.954	0.867	0.688	0.392	0.0117	-0.372	0.986	0.95	0.855	0.662	0.353	-0.0333	-0.412	1	0:02:10.831233
14300	286	286	0.963	0.914	0.807	0.606	0.301	-0.0721	-0.434	0.963	0.888	0.725	0.445	0.0722	-0.318	-0.637	1	0:02:10.761154
14400	288	288	0.77	0.678	0.536	0.323	0.0414	-0.276	-0.567	0.77	0.517	0.159	-0.235	-0.576	-0.806	-0.928	1	0:02:10.866051
14500	290	290	0.879	0.822	0.713	0.522	0.235	-0.116	-0.458	0.878	0.706	0.417	0.0387	-0.348	-0.659	-0.853	1	0:02:10.862892
14600	292	290	0.59	0.483	0.337	0.137	-0.114	-0.388	-0.636	0.59	0.253	-0.14	-0.502	-0.761	-0.906	-0.971	0	0:02:10.883444
14700	294	294	0.964	0.917	0.81	0.612	0.307	-0.0665	-0.43	0.964	0.891	0.729	0.453	0.081	-0.31	-0.631	1	0:02:10.723064
14800	296	296	0.133	-0.0584	-0.246	-0.427	-0.596	-0.744	-0.858	0.133	-0.261	-0.595	-0.817	-0.933	-0.98	-0.995	1	0:02:10.691566
14900	298	-1	0.0	0.0	0.0	0.0	0.0	0.0	0.0	0.0	0.0	0.0	0.0	0.0	0.0	0.0	0	0:01:55.054914
15000	300	300	0.986	0.952	0.865	0.684	0.388	0.00731	-0.375	0.986	0.949	0.853	0.657	0.346	-0.0408	-0.419	1	0:02:11.901720
15100	302	-1	0.0	0.0	0.0	0.0	0.0	0.0	0.0	0.0	0.0	0.0	0.0	0.0	0.0	0.0	0	0:01:55.147841
15200	304	-1	0.0	0.0	0.0	0.0	0.0	0.0	0.0	0.0	0.0	0.0	0.0	0.0	0.0	0.0	0	0:01:56.119884
15300	306	306	0.622	0.432	0.195	-0.0734	-0.347	-0.592	-0.779	0.622	0.297	-0.0943	-0.464	-0.737	-0.894	-0.966	1	0:02:11.871699
15400	308	308	0.202	0.00719	-0.191	-0.386	-0.569	-0.727	-0.849	0.202	-0.193	-0.544	-0.787	-0.919	-0.975	-0.994	1	0:02:10.910877
15500	310	310	0.982	0.946	0.855	0.67	0.371	-0.00911	-0.388	0.982	0.939	0.831	0.618	0.292	-0.0999	-0.468	1	0:02:10.921757
15600	312	-1	0.0	0.0	0.0	0.0	0.0	0.0	0.0	0.0	0.0	0.0	0.0	0.0	0.0	0.0	0	0:01:55.200992
15700	314	314	0.0456	-0.105	-0.262	-0.425	-0.587	-0.734	-0.851	0.0442	-0.343	-0.655	-0.851	-0.948	-0.985	-0.997	1	0:02:11.826051
15800	316	316	0.958	0.91	0.804	0.608	0.307	-0.0644	-0.427	0.958	0.876	0.701	0.409	0.03	-0.356	-0.664	1	0:02:10.858166
15900	318	318	0.599	0.449	0.262	0.036	-0.219	-0.476	-0.696	0.599	0.266	-0.127	-0.491	-0.754	-0.903	-0.969	1	0:02:10.748443
16000	320	320	0.893	0.842	0.74	0.553	0.265	-0.0904	-0.441	0.893	0.734	0.459	0.0886	-0.303	-0.626	-0.835	1	0:02:10.910237
16100	322	322	0.559	0.439	0.287	0.092	-0.148	-0.409	-0.647	0.559	0.213	-0.182	-0.535	-0.781	-0.916	-0.974	1	0:02:10.759854
16200	324	324	0.851	0.783	0.666	0.472	0.188	-0.152	-0.482	0.851	0.654	0.342	-0.0458	-0.423	-0.71	-0.881	1	0:02:10.933094
16300	326	326	0.767	0.657	0.495	0.268	-0.0177	-0.327	-0.603	0.767	0.512	0.153	-0.241	-0.58	-0.809	-0.929	1	0:02:10.775313
16400	328	328	0.968	0.93	0.837	0.652	0.357	-0.0184	-0.393	0.968	0.901	0.75	0.485	0.12	-0.273	-0.604	1	0:02:10.846474
16500	330	-1	0.0	0.0	0.0	0.0	0.0	0.0	0.0	0.0	0.0	0.0	0.0	0.0	0.0	0.0	0	0:01:55.102093
16600	332	333	0.213	0.0596	-0.0942	-0.259	-0.438	-0.619	-0.777	0.212	-0.182	-0.535	-0.782	-0.916	-0.974	-0.994	0	0:02:11.805464
16700	334	334	0.731	0.611	0.443	0.216	-0.0634	-0.361	-0.625	0.731	0.455	0.0835	-0.307	-0.629	-0.837	-0.942	1	0:02:10.826676
16800	336	336	0.299	0.0611	-0.179	-0.403	-0.598	-0.756	-0.87	0.299	-0.092	-0.462	-0.735	-0.894	-0.966	-0.991	1	0:02:10.994408
16900	338	-1	0.0	0.0	0.0	0.0	0.0	0.0	0.0	0.0	0.0	0.0	0.0	0.0	0.0	0.0	0	0:01:54.962135
17000	340	340	0.983	0.95	0.863	0.683	0.388	0.00893	-0.374	0.983	0.94	0.833	0.622	0.297	-0.094	-0.464	1	0:02:11.745952
17100	342	373	0.195	0.004	-0.188	-0.377	-0.558	-0.718	-0.843	0.194	-0.201	-0.549	-0.79	-0.921	-0.976	-0.994	0	0:02:10.369545
17200	344	344	0.54	0.338	0.0974	-0.166	-0.424	-0.647	-0.812	0.54	0.189	-0.206	-0.554	-0.793	-0.922	-0.976	1	0:02:10.774743
17300	346	-1	0.0	0.0	0.0	0.0	0.0	0.0	0.0	0.0	0.0	0.0	0.0	0.0	0.0	0.0	0	0:01:54.932028
17400	348	348	0.809	0.734	0.61	0.411	0.13	-0.2	-0.515	0.809	0.581	0.242	-0.152	-0.511	-0.767	-0.909	1	0:02:11.895731
17500	350	350	0.988	0.956	0.87	0.69	0.395	0.0137	-0.371	0.988	0.955	0.868	0.685	0.387	0.00463	-0.379	1	0:02:10.884675
17600	352	352	0.633	0.507	0.339	0.121	-0.14	-0.414	-0.656	0.633	0.312	-0.0781	-0.45	-0.728	-0.89	-0.964	1	0:02:10.938972
17700	354	354	0.813	0.699	0.526	0.284	-0.017	-0.335	-0.614	0.813	0.588	0.251	-0.143	-0.504	-0.762	-0.907	1	0:02:10.815349
17800	356	358	0.0475	-0.041	-0.146	-0.28	-0.442	-0.617	-0.773	0.045	-0.343	-0.655	-0.851	-0.948	-0.985	-0.997	0	0:02:10.747257
17900	358	359	0.428	0.334	0.206	0.0302	-0.193	-0.44	-0.666	0.427	0.0508	-0.337	-0.651	-0.849	-0.947	-0.985	0	0:02:10.932172
18000	360	360	0.936	0.877	0.759	0.551	0.246	-0.119	-0.467	0.936	0.825	0.608	0.278	-0.115	-0.481	-0.748	1	0:02:10.827686
18100	362	362	0.982	0.946	0.855	0.671	0.373	-0.00576	-0.385	0.982	0.937	0.825	0.608	0.278	-0.114	-0.48	1	0:02:10.785872
18200	364	364	0.941	0.877	0.751	0.536	0.226	-0.138	-0.481	0.941	0.836	0.627	0.304	-0.0869	-0.458	-0.733	1	0:02:10.835607
18300	366	366	0.226	0.0729	-0.0829	-0.251	-0.433	-0.617	-0.777	0.225	-0.169	-0.525	-0.775	-0.913	-0.973	-0.993	1	0:02:10.800711
18400	368	368	0.706	0.589	0.424	0.201	-0.0733	-0.367	-0.627	0.706	0.418	0.0401	-0.347	-0.658	-0.853	-0.949	1	0:02:10.906487
18500	370	370	0.77	0.687	0.558	0.358	0.0819	-0.238	-0.539	0.769	0.515	0.158	-0.237	-0.577	-0.807	-0.928	1	0:02:10.770900
18600	372	372	0.45	0.302	0.131	-0.0677	-0.291	-0.519	-0.718	0.449	0.0773	-0.313	-0.633	-0.839	-0.943	-0.984	1	0:02:10.699178
18700	374	367	0.0652	-0.0406	-0.16	-0.303	-0.47	-0.641	-0.791	0.0635	-0.326	-0.643	-0.844	-0.945	-0.984	-0.997	0	0:02:10.806679
18800	376	376	0.884	0.778	0.602	0.343	0.0193	-0.32	-0.611	0.884	0.717	0.434	0.0586	-0.33	-0.646	-0.846	1	0:02:10.792424
18900	378	378	0.0215	-0.107	-0.248	-0.403	-0.567	-0.72	-0.844	0.02	-0.365	-0.67	-0.86	-0.952	-0.987	-0.997	1	0:02:10.834662
19000	380	380	0.585	0.446	0.266	0.0406	-0.218	-0.48	-0.701	0.585	0.247	-0.147	-0.506	-0.764	-0.908	-0.971	1	0:02:10.859350
19100	382	382	0.904	0.85	0.744	0.553	0.263	-0.0935	-0.443	0.904	0.757	0.495	0.132	-0.261	-0.596	-0.818	1	0:02:10.804160
19200	384	-1	0.0	0.0	0.0	0.0	0.0	0.0	0.0	0.0	0.0	0.0	0.0	0.0	0.0	0.0	0	0:01:55.150465
19300	386	386	0.117	0.0147	-0.106	-0.253	-0.425	-0.606	-0.767	0.115	-0.278	-0.608	-0.825	-0.937	-0.982	-0.996	1	0:02:11.887164
19400	388	388	0.936	0.869	0.74	0.522	0.21	-0.152	-0.492	0.936	0.824	0.606	0.276	-0.117	-0.483	-0.749	1	0:02:10.889409
19500	390	390	0.875	0.802	0.673	0.463	0.166	-0.18	-0.506	0.875	0.699	0.407	0.028	-0.358	-0.665	-0.857	1	0:02:10.760004
19600	392	397	0.437	0.305	0.146	-0.0483	-0.273	-0.506	-0.71	0.436	0.0619	-0.327	-0.644	-0.845	-0.945	-0.985	0	0:02:10.841090
19700	394	395	0.00387	-0.0493	-0.123	-0.234	-0.388	-0.567	-0.738	0.000234	-0.383	-0.683	-0.866	-0.954	-0.988	-0.997	0	0:02:10.827960
19800	396	396	0.988	0.956	0.871	0.691	0.395	0.0146	-0.37	0.988	0.955	0.869	0.687	0.389	0.00693	-0.377	1	0:02:10.839936
19900	398	398	0.826	0.725	0.571	0.347	0.0561	-0.267	-0.563	0.826	0.609	0.28	-0.113	-0.479	-0.746	-0.899	1	0:02:10.968442
20000	400	400	0.0461	-0.0404	-0.145	-0.279	-0.441	-0.615	-0.772	0.0433	-0.344	-0.656	-0.852	-0.948	-0.986	-0.997	1	0:02:10.913886
20100	402	-1	0.0	0.0	0.0	0.0	0.0	0.0	0.0	0.0	0.0	0.0	0.0	0.0	0.0	0.0	0	0:01:55.144118
20200	404	404	0.954	0.91	0.812	0.623	0.327	-0.0444	-0.412	0.954	0.866	0.681	0.381	-0.00239	-0.385	-0.684	1	0:02:11.948022
20300	406	406	0.435	0.225	-0.0156	-0.266	-0.502	-0.699	-0.842	0.435	0.0605	-0.328	-0.645	-0.846	-0.946	-0.985	1	0:02:10.952036
20400	408	847	0.206	0.0787	-0.0575	-0.214	-0.395	-0.586	-0.755	0.205	-0.19	-0.541	-0.785	-0.918	-0.975	-0.994	0	0:02:10.934571
20500	410	-1	0.0	0.0	0.0	0.0	0.0	0.0	0.0	0.0	0.0	0.0	0.0	0.0	0.0	0.0	0	0:01:55.118707
20600	412	412	0.531	0.414	0.262	0.064	-0.178	-0.436	-0.667	0.531	0.177	-0.218	-0.563	-0.798	-0.924	-0.977	1	0:02:11.918825
20700	414	414	0.405	0.291	0.153	-0.0222	-0.237	-0.47	-0.683	0.405	0.0247	-0.361	-0.667	-0.858	-0.951	-0.986	1	0:02:10.968720
20800	416	416	0.715	0.613	0.465	0.256	-0.0153	-0.316	-0.592	0.715	0.43	0.0545	-0.334	-0.648	-0.848	-0.947	1	0:02:10.686104
20900	418	563	0.571	0.452	0.298	0.0961	-0.151	-0.416	-0.654	0.57	0.228	-0.167	-0.523	-0.774	-0.913	-0.973	0	0:02:10.489319
21000	420	420	0.147	0.0636	-0.0342	-0.163	-0.332	-0.527	-0.712	0.145	-0.249	-0.586	-0.812	-0.931	-0.979	-0.995	1	0:02:10.496531
21100	422	-1	0.0	0.0	0.0	0.0	0.0	0.0	0.0	0.0	0.0	0.0	0.0	0.0	0.0	0.0	0	0:01:54.861856
21200	424	424	0.119	0.0316	-0.074	-0.211	-0.381	-0.569	-0.742	0.116	-0.276	-0.607	-0.824	-0.936	-0.981	-0.996	1	0:02:11.138216
21300	426	426	0.981	0.946	0.856	0.673	0.376	-0.00273	-0.383	0.981	0.935	0.822	0.603	0.272	-0.121	-0.486	1	0:02:10.967238
21400	428	428	0.966	0.916	0.805	0.6	0.291	-0.0836	-0.444	0.966	0.896	0.739	0.467	0.0983	-0.293	-0.619	1	0:02:10.935773
21500	430	430	0.323	0.16	-0.0219	-0.222	-0.431	-0.629	-0.79	0.323	-0.0669	-0.441	-0.722	-0.887	-0.963	-0.99	1	0:02:10.817015
21600	432	432	0.969	0.928	0.833	0.645	0.348	-0.0274	-0.4	0.969	0.903	0.753	0.489	0.125	-0.268	-0.6	1	0:02:10.815563
21700	434	-1	0.0	0.0	0.0	0.0	0.0	0.0	0.0	0.0	0.0	0.0	0.0	0.0	0.0	0.0	0	0:01:55.097857
21800	436	436	0.926	0.871	0.762	0.565	0.269	-0.0927	-0.445	0.926	0.801	0.567	0.224	-0.171	-0.526	-0.776	1	0:02:11.955509
21900	438	647	0.0136	-0.0746	-0.178	-0.307	-0.464	-0.632	-0.782	0.011	-0.373	-0.676	-0.863	-0.953	-0.987	-0.997	0	0:02:10.936134
22000	440	-1	0.0	0.0	0.0	0.0	0.0	0.0	0.0	0.0	0.0	0.0	0.0	0.0	0.0	0.0	0	0:01:55.055341
22100	442	442	0.503	0.416	0.297	0.126	-0.104	-0.368	-0.617	0.502	0.141	-0.253	-0.589	-0.814	-0.932	-0.98	1	0:02:11.916285
22200	444	-1	0.0	0.0	0.0	0.0	0.0	0.0	0.0	0.0	0.0	0.0	0.0	0.0	0.0	0.0	0	0:01:55.148861
22300	446	446	0.603	0.461	0.285	0.0699	-0.18	-0.439	-0.669	0.603	0.272	-0.121	-0.486	-0.751	-0.902	-0.969	1	0:02:11.905699
22400	448	448	0.0243	-0.091	-0.216	-0.356	-0.512	-0.67	-0.807	0.0225	-0.363	-0.669	-0.859	-0.951	-0.987	-0.997	1	0:02:10.828121
22500	450	-1	0.0	0.0	0.0	0.0	0.0	0.0	0.0	0.0	0.0	0.0	0.0	0.0	0.0	0.0	0	0:01:55.078074
22600	452	452	0.543	0.401	0.232	0.028	-0.209	-0.458	-0.679	0.543	0.193	-0.202	-0.55	-0.791	-0.921	-0.976	1	0:02:11.835932
22700	454	454	0.631	0.537	0.4	0.203	-0.0547	-0.343	-0.608	0.63	0.309	-0.0819	-0.453	-0.73	-0.891	-0.965	1	0:02:10.957570
22800	456	522	0.69	0.578	0.422	0.21	-0.0573	-0.349	-0.612	0.69	0.394	0.0126	-0.372	-0.675	-0.862	-0.953	0	0:02:10.910521
22900	458	458	0.417	0.172	-0.084	-0.327	-0.541	-0.716	-0.845	0.417	0.0394	-0.348	-0.658	-0.853	-0.949	-0.986	1	0:02:10.941474
23000	460	978	0.0964	-0.0147	-0.14	-0.287	-0.455	-0.629	-0.781	0.0942	-0.297	-0.622	-0.833	-0.94	-0.983	-0.996	0	0:02:10.986090
23100	462	462	0.0898	-0.0543	-0.201	-0.36	-0.529	-0.692	-0.826	0.0895	-0.302	-0.625	-0.835	-0.941	-0.983	-0.996	1	0:02:10.920563
23200	464	674	0.169	0.00865	-0.158	-0.332	-0.511	-0.68	-0.819	0.168	-0.226	-0.569	-0.802	-0.926	-0.978	-0.995	0	0:02:10.887515
23300	466	466	0.965	0.919	0.817	0.622	0.32	-0.0531	-0.419	0.965	0.892	0.732	0.457	0.0858	-0.305	-0.628	1	0:02:10.820544
23400	468	468	0.784	0.714	0.596	0.404	0.129	-0.198	-0.511	0.784	0.539	0.187	-0.208	-0.555	-0.794	-0.922	1	0:02:10.836878
23500	470	832	0.445	0.292	0.116	-0.0871	-0.312	-0.537	-0.731	0.445	0.0719	-0.318	-0.637	-0.841	-0.944	-0.984	0	0:02:10.840034
23600	472	472	0.739	0.654	0.522	0.324	0.0536	-0.258	-0.552	0.739	0.467	0.0982	-0.294	-0.619	-0.831	-0.939	1	0:02:10.877334
23700	474	735	0.25	0.111	-0.0405	-0.212	-0.403	-0.596	-0.764	0.249	-0.145	-0.505	-0.763	-0.908	-0.971	-0.993	0	0:02:11.065140
23800	476	476	0.739	0.587	0.381	0.124	-0.166	-0.451	-0.687	0.739	0.468	0.0996	-0.292	-0.618	-0.831	-0.939	1	0:02:10.878486
23900	478	526	0.231	0.137	0.019	-0.135	-0.326	-0.533	-0.722	0.229	-0.166	-0.522	-0.773	-0.913	-0.973	-0.993	0	0:02:10.871499
24000	480	-1	0.0	0.0	0.0	0.0	0.0	0.0	0.0	0.0	0.0	0.0	0.0	0.0	0.0	0.0	0	0:01:54.916551
24100	482	788	0.308	0.196	0.066	-0.0946	-0.291	-0.506	-0.704	0.308	-0.0832	-0.454	-0.731	-0.891	-0.965	-0.991	0	0:02:11.888700
24200	484	871	0.63	0.534	0.397	0.204	-0.0501	-0.336	-0.601	0.629	0.308	-0.0832	-0.454	-0.731	-0.891	-0.965	0	0:02:10.938878
24300	486	889	0.0916	-0.0136	-0.135	-0.28	-0.447	-0.622	-0.777	0.0892	-0.302	-0.625	-0.835	-0.941	-0.983	-0.996	0	0:02:10.724364
24400	488	649	0.255	0.0695	-0.128	-0.332	-0.53	-0.704	-0.838	0.255	-0.139	-0.501	-0.76	-0.906	-0.97	-0.993	0	0:02:10.879387
24500	490	490	0.161	0.0296	-0.111	-0.269	-0.447	-0.627	-0.783	0.16	-0.234	-0.575	-0.806	-0.928	-0.978	-0.995	1	0:02:10.971795
24600	492	492	0.571	0.41	0.213	-0.0186	-0.273	-0.521	-0.727	0.571	0.228	-0.166	-0.522	-0.774	-0.913	-0.973	1	0:02:10.752015
24700	494	543	0.0503	-0.0877	-0.241	-0.408	-0.579	-0.734	-0.854	0.0485	-0.339	-0.652	-0.85	-0.948	-0.985	-0.997	0	0:02:10.830857
24800	496	411	0.0288	-0.12	-0.274	-0.434	-0.593	-0.739	-0.854	0.0277	-0.358	-0.666	-0.857	-0.951	-0.986	-0.997	0	0:02:10.668141
24900	498	498	0.982	0.948	0.861	0.68	0.384	0.00464	-0.377	0.982	0.938	0.829	0.616	0.288	-0.104	-0.472	1	0:02:10.542464
25000	500	500	0.987	0.955	0.868	0.686	0.389	0.00723	-0.376	0.987	0.954	0.866	0.681	0.381	-0.00245	-0.385	1	0:02:10.552447
25100	502	502	0.555	0.468	0.342	0.161	-0.0813	-0.356	-0.613	0.554	0.207	-0.188	-0.54	-0.784	-0.918	-0.975	1	0:02:10.784167
25200	504	470	0.0801	-0.0372	-0.173	-0.331	-0.505	-0.675	-0.816	0.0782	-0.312	-0.633	-0.839	-0.943	-0.984	-0.996	0	0:02:10.821882
25300	506	506	0.575	0.451	0.292	0.0884	-0.159	-0.423	-0.658	0.574	0.233	-0.161	-0.518	-0.771	-0.911	-0.972	1	0:02:10.767863
25400	508	508	0.778	0.709	0.592	0.401	0.128	-0.199	-0.512	0.778	0.528	0.174	-0.221	-0.565	-0.799	-0.925	1	0:02:10.804721
25500	510	510	0.922	0.862	0.748	0.548	0.25	-0.109	-0.456	0.922	0.792	0.553	0.205	-0.19	-0.541	-0.785	1	0:02:10.798828
25600	512	589	0.0839	-0.0132	-0.127	-0.267	-0.436	-0.614	-0.773	0.082	-0.309	-0.63	-0.838	-0.942	-0.983	-0.996	0	0:02:10.834631
25700	514	514	0.988	0.957	0.871	0.692	0.396	0.0154	-0.369	0.988	0.956	0.871	0.692	0.396	0.0147	-0.37	1	0:02:10.857319
25800	516	-1	0.0	0.0	0.0	0.0	0.0	0.0	0.0	0.0	0.0	0.0	0.0	0.0	0.0	0.0	0	0:01:55.163713
25900	518	518	0.975	0.938	0.846	0.662	0.365	-0.0121	-0.389	0.975	0.919	0.788	0.545	0.195	-0.2	-0.549	1	0:02:11.856842
26000	520	520	0.682	0.579	0.432	0.226	-0.0409	-0.335	-0.604	0.681	0.381	-0.00225	-0.385	-0.684	-0.867	-0.955	1	0:02:10.879068
26100	522	522	0.879	0.789	0.639	0.409	0.103	-0.239	-0.549	0.879	0.707	0.418	0.0404	-0.347	-0.658	-0.853	1	0:02:10.891147
26200	524	-1	0.0	0.0	0.0	0.0	0.0	0.0	0.0	0.0	0.0	0.0	0.0	0.0	0.0	0.0	0	0:01:55.096658
26300	526	526	0.0961	0.0204	-0.0762	-0.207	-0.375	-0.563	-0.738	0.0932	-0.298	-0.623	-0.833	-0.94	-0.983	-0.996	1	0:02:11.990232
26400	528	-1	0.0	0.0	0.0	0.0	0.0	0.0	0.0	0.0	0.0	0.0	0.0	0.0	0.0	0.0	0	0:01:55.089940
26500	530	531	0.0702	-0.046	-0.179	-0.332	-0.5	-0.667	-0.808	0.0681	-0.322	-0.64	-0.843	-0.944	-0.984	-0.996	0	0:02:11.977159
26600	532	846	0.0643	-0.11	-0.3	-0.49	-0.662	-0.801	-0.897	0.0624	-0.327	-0.643	-0.845	-0.945	-0.985	-0.997	0	0:02:10.928011
26700	534	-1	0.0	0.0	0.0	0.0	0.0	0.0	0.0	0.0	0.0	0.0	0.0	0.0	0.0	0.0	0	0:01:55.131527
26800	536	403	0.633	0.449	0.217	-0.0503	-0.326	-0.576	-0.769	0.633	0.313	-0.0776	-0.45	-0.728	-0.89	-0.964	0	0:02:12.056343
26900	538	538	0.946	0.905	0.811	0.626	0.333	-0.0371	-0.405	0.946	0.846	0.645	0.329	-0.0601	-0.435	-0.718	1	0:02:10.870681
27000	540	540	0.958	0.905	0.793	0.588	0.281	-0.0901	-0.448	0.958	0.875	0.698	0.405	0.0257	-0.36	-0.667	1	0:02:10.797381
27100	542	477	0.0281	-0.0729	-0.19	-0.332	-0.494	-0.66	-0.803	0.0258	-0.36	-0.667	-0.858	-0.951	-0.986	-0.997	0	0:02:10.796714
27200	544	926	0.237	0.0775	-0.0988	-0.291	-0.489	-0.673	-0.819	0.236	-0.158	-0.516	-0.77	-0.911	-0.972	-0.993	0	0:02:10.960273
27300	546	546	0.742	0.665	0.543	0.351	0.082	-0.234	-0.535	0.742	0.472	0.104	-0.288	-0.615	-0.829	-0.938	1	0:02:10.724382
27400	548	548	0.958	0.913	0.812	0.619	0.318	-0.0544	-0.42	0.958	0.875	0.699	0.407	0.0274	-0.359	-0.666	1	0:02:10.804580
27500	550	550	0.0648	-0.0911	-0.253	-0.419	-0.582	-0.73	-0.849	0.0636	-0.326	-0.643	-0.844	-0.945	-0.984	-0.997	1	0:02:10.947458
27600	552	552	0.988	0.957	0.871	0.692	0.396	0.0154	-0.369	0.988	0.957	0.871	0.692	0.396	0.0151	-0.37	1	0:02:10.889898
27700	554	554	0.772	0.645	0.465	0.226	-0.0629	-0.365	-0.629	0.772	0.52	0.163	-0.231	-0.573	-0.804	-0.927	1	0:02:10.932362
27800	556	703	0.15	-0.00118	-0.161	-0.331	-0.506	-0.674	-0.813	0.149	-0.245	-0.583	-0.81	-0.93	-0.979	-0.995	0	0:02:10.968583
27900	558	-1	0.0	0.0	0.0	0.0	0.0	0.0	0.0	0.0	0.0	0.0	0.0	0.0	0.0	0.0	0	0:01:55.003933
28000	560	-1	0.0	0.0	0.0	0.0	0.0	0.0	0.0	0.0	0.0	0.0	0.0	0.0	0.0	0.0	0	0:01:56.142167
28100	562	562	0.975	0.935	0.838	0.649	0.349	-0.0283	-0.402	0.975	0.918	0.785	0.541	0.19	-0.205	-0.553	1	0:02:11.762546
28200	564	669	0.145	0.023	-0.113	-0.271	-0.45	-0.631	-0.787	0.144	-0.25	-0.587	-0.813	-0.931	-0.98	-0.995	0	0:02:10.903560
28300	566	566	0.587	0.407	0.185	-0.0704	-0.336	-0.579	-0.769	0.587	0.25	-0.144	-0.505	-0.763	-0.907	-0.971	1	0:02:10.780325
28400	568	399	0.496	0.355	0.184	-0.0225	-0.258	-0.499	-0.708	0.496	0.133	-0.26	-0.595	-0.817	-0.933	-0.98	0	0:02:10.843477
28500	570	613	0.00739	-0.0606	-0.148	-0.269	-0.425	-0.599	-0.76	0.00394	-0.379	-0.68	-0.865	-0.954	-0.987	-0.997	0	0:02:08.581693
28600	572	-1	0.0	0.0	0.0	0.0	0.0	0.0	0.0	0.0	0.0	0.0	0.0	0.0	0.0	0.0	0	0:01:55.162159
28700	574	574	0.984	0.951	0.864	0.684	0.388	0.00799	-0.375	0.984	0.945	0.844	0.641	0.324	-0.0655	-0.44	1	0:02:11.879801
28800	576	-1	0.0	0.0	0.0	0.0	0.0	0.0	0.0	0.0	0.0	0.0	0.0	0.0	0.0	0.0	0	0:01:54.821974
28900	578	578	0.588	0.473	0.318	0.111	-0.142	-0.413	-0.654	0.587	0.25	-0.143	-0.504	-0.762	-0.907	-0.971	1	0:02:11.889424
29000	580	738	0.732	0.585	0.379	0.117	-0.179	-0.467	-0.702	0.732	0.457	0.0857	-0.305	-0.628	-0.836	-0.942	0	0:02:10.838960
29100	582	-1	0.0	0.0	0.0	0.0	0.0	0.0	0.0	0.0	0.0	0.0	0.0	0.0	0.0	0.0	0	0:01:55.010349
29200	584	732	0.298	0.173	0.0314	-0.138	-0.335	-0.544	-0.73	0.297	-0.0941	-0.464	-0.737	-0.894	-0.966	-0.991	0	0:02:11.942485
29300	586	586	0.596	0.45	0.266	0.0403	-0.216	-0.475	-0.696	0.596	0.262	-0.132	-0.494	-0.756	-0.904	-0.97	1	0:02:10.866129
29400	588	588	0.938	0.873	0.746	0.528	0.217	-0.147	-0.488	0.938	0.828	0.614	0.286	-0.106	-0.474	-0.743	1	0:02:10.760143
29500	590	590	0.7	0.613	0.482	0.285	0.0188	-0.285	-0.569	0.7	0.408	0.0286	-0.357	-0.665	-0.857	-0.95	1	0:02:10.808785
29600	592	592	0.648	0.49	0.279	0.0207	-0.262	-0.528	-0.74	0.648	0.333	-0.0552	-0.431	-0.715	-0.883	-0.961	1	0:02:11.116241
29700	594	-1	0.0	0.0	0.0	0.0	0.0	0.0	0.0	0.0	0.0	0.0	0.0	0.0	0.0	0.0	0	0:01:54.990964
29800	596	-1	0.0	0.0	0.0	0.0	0.0	0.0	0.0	0.0	0.0	0.0	0.0	0.0	0.0	0.0	0	0:01:56.153374
29900	598	598	0.0173	-0.0502	-0.136	-0.252	-0.406	-0.581	-0.746	0.0138	-0.371	-0.674	-0.862	-0.953	-0.987	-0.997	1	0:02:11.865920
30000	600	517	0.239	0.0769	-0.103	-0.298	-0.496	-0.677	-0.821	0.238	-0.156	-0.514	-0.769	-0.91	-0.972	-0.993	0	0:02:11.028843
30100	602	602	0.867	0.816	0.716	0.532	0.25	-0.101	-0.446	0.867	0.684	0.385	0.0019	-0.381	-0.682	-0.866	1	0:02:10.807766
30200	604	-1	0.0	0.0	0.0	0.0	0.0	0.0	0.0	0.0	0.0	0.0	0.0	0.0	0.0	0.0	0	0:01:55.020337
30300	606	606	0.987	0.955	0.869	0.689	0.393	0.0127	-0.371	0.987	0.954	0.864	0.679	0.377	-0.00675	-0.389	1	0:02:11.840940
30400	608	523	0.0563	-0.0697	-0.198	-0.339	-0.496	-0.657	-0.798	0.0554	-0.333	-0.648	-0.847	-0.946	-0.985	-0.997	0	0:02:10.822485
30500	610	610	0.056	-0.0115	-0.101	-0.227	-0.391	-0.575	-0.746	0.0526	-0.336	-0.65	-0.848	-0.947	-0.985	-0.997	1	0:02:10.840639
30600	612	612	0.988	0.956	0.87	0.691	0.395	0.0142	-0.37	0.988	0.955	0.868	0.686	0.388	0.00621	-0.377	1	0:02:10.770336
30700	614	614	0.466	0.325	0.164	-0.0246	-0.244	-0.477	-0.687	0.466	0.0974	-0.294	-0.62	-0.832	-0.94	-0.983	1	0:02:10.949720
30800	616	-1	0.0	0.0	0.0	0.0	0.0	0.0	0.0	0.0	0.0	0.0	0.0	0.0	0.0	0.0	0	0:01:55.117924
30900	618	-1	0.0	0.0	0.0	0.0	0.0	0.0	0.0	0.0	0.0	0.0	0.0	0.0	0.0	0.0	0	0:01:56.171622
31000	620	-1	0.0	0.0	0.0	0.0	0.0	0.0	0.0	0.0	0.0	0.0	0.0	0.0	0.0	0.0	0	0:01:56.131494
31100	622	622	0.988	0.956	0.871	0.692	0.396	0.015	-0.37	0.988	0.956	0.87	0.69	0.393	0.0115	-0.373	1	0:02:11.897538
31200	624	-1	0.0	0.0	0.0	0.0	0.0	0.0	0.0	0.0	0.0	0.0	0.0	0.0	0.0	0.0	0	0:01:55.056581
31300	626	692	0.0134	-0.0216	-0.082	-0.185	-0.339	-0.527	-0.71	0.00844	-0.375	-0.678	-0.864	-0.953	-0.987	-0.997	0	0:02:11.846005
31400	628	-1	0.0	0.0	0.0	0.0	0.0	0.0	0.0	0.0	0.0	0.0	0.0	0.0	0.0	0.0	0	0:01:55.085222
31500	630	703	0.609	0.45	0.253	0.0187	-0.24	-0.496	-0.711	0.609	0.28	-0.113	-0.479	-0.747	-0.899	-0.968	0	0:02:11.879723
31600	632	632	0.62	0.508	0.357	0.155	-0.0975	-0.374	-0.626	0.62	0.295	-0.0969	-0.466	-0.738	-0.895	-0.966	1	0:02:10.791946
31700	634	489	0.86	0.789	0.665	0.461	0.171	-0.172	-0.498	0.86	0.671	0.365	-0.0197	-0.4	-0.694	-0.873	0	0:02:10.855642
31800	636	636	0.187	0.0954	-0.0188	-0.166	-0.349	-0.548	-0.73	0.185	-0.21	-0.556	-0.794	-0.923	-0.977	-0.994	1	0:02:10.825831
31900	638	638	0.0867	-0.0287	-0.161	-0.312	-0.481	-0.651	-0.797	0.0843	-0.307	-0.629	-0.837	-0.942	-0.983	-0.996	1	0:02:10.728372
32000	640	640	0.98	0.942	0.849	0.662	0.363	-0.0155	-0.393	0.98	0.932	0.815	0.591	0.255	-0.139	-0.5	1	0:02:10.877294
32100	642	642	0.988	0.956	0.871	0.692	0.396	0.0153	-0.369	0.988	0.956	0.871	0.691	0.395	0.0139	-0.371	1	0:02:10.866898
32200	644	644	0.906	0.837	0.709	0.497	0.194	-0.16	-0.494	0.906	0.76	0.5	0.138	-0.255	-0.591	-0.815	1	0:02:10.805927
32300	646	646	0.724	0.657	0.546	0.365	0.102	-0.213	-0.519	0.723	0.444	0.0702	-0.32	-0.638	-0.842	-0.944	1	0:02:10.681496
32400	648	553	0.141	-0.00339	-0.161	-0.333	-0.512	-0.682	-0.82	0.14	-0.254	-0.59	-0.814	-0.932	-0.98	-0.995	0	0:02:10.910750
32500	650	546	0.0322	-0.0579	-0.168	-0.308	-0.473	-0.645	-0.794	0.0297	-0.356	-0.664	-0.856	-0.95	-0.986	-0.997	0	0:02:10.647819
32600	652	652	0.238	0.0567	-0.138	-0.339	-0.534	-0.707	-0.839	0.237	-0.157	-0.515	-0.769	-0.91	-0.972	-0.993	1	0:02:10.485795
32700	654	656	0.017	-0.0648	-0.167	-0.297	-0.455	-0.624	-0.777	0.0133	-0.371	-0.675	-0.862	-0.953	-0.987	-0.997	0	0:02:10.689097
32800	656	656	0.0999	0.0141	-0.0862	-0.215	-0.379	-0.564	-0.736	0.0976	-0.294	-0.62	-0.832	-0.94	-0.983	-0.996	1	0:02:10.824209
32900	658	658	0.941	0.89	0.785	0.591	0.295	-0.0713	-0.43	0.941	0.835	0.626	0.302	-0.0889	-0.459	-0.734	1	0:02:08.426285
33000	660	660	0.674	0.579	0.442	0.243	-0.0195	-0.316	-0.59	0.673	0.37	-0.0151	-0.396	-0.692	-0.871	-0.957	1	0:02:08.604459
33100	662	742	0.0646	-0.0375	-0.156	-0.301	-0.47	-0.643	-0.794	0.0626	-0.327	-0.643	-0.845	-0.945	-0.985	-0.997	0	0:02:08.886493
33200	664	851	0.157	0.0903	-0.00246	-0.135	-0.313	-0.516	-0.708	0.154	-0.24	-0.579	-0.808	-0.929	-0.979	-0.995	0	0:02:08.559915
33300	666	659	0.492	0.398	0.269	0.0882	-0.146	-0.406	-0.645	0.491	0.128	-0.265	-0.599	-0.819	-0.934	-0.981	0	0:02:08.658886
33400	668	124	0.146	0.0355	-0.0926	-0.247	-0.427	-0.613	-0.775	0.145	-0.249	-0.587	-0.812	-0.931	-0.98	-0.995	0	0:02:08.703159
33500	670	670	0.688	0.57	0.396	0.159	-0.125	-0.417	-0.666	0.688	0.39	0.00825	-0.376	-0.678	-0.864	-0.953	1	0:02:08.762942
33600	672	-1	0.0	0.0	0.0	0.0	0.0	0.0	0.0	0.0	0.0	0.0	0.0	0.0	0.0	0.0	0	0:01:54.929347
33700	674	-1	0.0	0.0	0.0	0.0	0.0	0.0	0.0	0.0	0.0	0.0	0.0	0.0	0.0	0.0	0	0:01:55.955979
33800	676	560	0.00554	-0.0869	-0.191	-0.32	-0.475	-0.641	-0.789	0.00393	-0.379	-0.68	-0.865	-0.954	-0.987	-0.997	0	0:02:09.692820
33900	678	678	0.976	0.933	0.831	0.634	0.329	-0.0494	-0.419	0.976	0.92	0.79	0.548	0.2	-0.195	-0.545	1	0:02:08.634954
34000	680	-1	0.0	0.0	0.0	0.0	0.0	0.0	0.0	0.0	0.0	0.0	0.0	0.0	0.0	0.0	0	0:01:54.865712
34100	682	682	0.629	0.508	0.346	0.133	-0.127	-0.403	-0.648	0.629	0.307	-0.084	-0.455	-0.731	-0.892	-0.965	1	0:02:09.620590
34200	684	684	0.827	0.753	0.628	0.426	0.142	-0.193	-0.511	0.826	0.611	0.282	-0.111	-0.477	-0.745	-0.899	1	0:02:09.115265
34300	686	686	0.0057	-0.0766	-0.174	-0.3	-0.456	-0.625	-0.778	0.00345	-0.38	-0.681	-0.865	-0.954	-0.987	-0.997	1	0:02:09.053950
34400	688	688	0.986	0.954	0.868	0.688	0.392	0.0114	-0.372	0.986	0.951	0.858	0.667	0.361	-0.0248	-0.405	1	0:02:08.990300
34500	690	690	0.51	0.403	0.261	0.0716	-0.164	-0.422	-0.655	0.51	0.15	-0.244	-0.582	-0.81	-0.93	-0.979	1	0:02:08.748891
34600	692	781	0.018	-0.0914	-0.208	-0.343	-0.497	-0.657	-0.799	0.0166	-0.368	-0.673	-0.861	-0.952	-0.987	-0.997	0	0:02:08.683769
34700	694	694	0.988	0.957	0.871	0.692	0.396	0.0154	-0.369	0.988	0.956	0.871	0.692	0.396	0.0149	-0.37	1	0:02:08.678155
34800	696	-1	0.0	0.0	0.0	0.0	0.0	0.0	0.0	0.0	0.0	0.0	0.0	0.0	0.0	0.0	0	0:01:55.150303
34900	698	663	0.577	0.489	0.363	0.18	-0.064	-0.343	-0.603	0.577	0.236	-0.158	-0.516	-0.77	-0.911	-0.972	0	0:02:09.745730
35000	700	831	0.164	0.0341	-0.106	-0.264	-0.439	-0.618	-0.774	0.163	-0.232	-0.573	-0.805	-0.927	-0.978	-0.995	0	0:02:09.287559
35100	702	602	0.185	0.0905	-0.0287	-0.182	-0.368	-0.567	-0.744	0.183	-0.212	-0.558	-0.795	-0.923	-0.977	-0.994	0	0:02:08.797053
35200	704	704	0.193	0.00978	-0.177	-0.365	-0.548	-0.712	-0.841	0.193	-0.202	-0.55	-0.791	-0.921	-0.976	-0.994	1	0:02:08.784253
35300	706	706	0.0694	-0.073	-0.221	-0.379	-0.543	-0.699	-0.828	0.0683	-0.321	-0.639	-0.843	-0.944	-0.984	-0.996	1	0:02:11.490825
35400	708	682	0.316	0.144	-0.0461	-0.251	-0.459	-0.651	-0.804	0.316	-0.0742	-0.447	-0.726	-0.889	-0.964	-0.99	0	0:02:11.260924
35500	710	-1	0.0	0.0	0.0	0.0	0.0	0.0	0.0	0.0	0.0	0.0	0.0	0.0	0.0	0.0	0	0:01:55.130801
35600	712	891	0.124	-0.0526	-0.236	-0.42	-0.595	-0.746	-0.861	0.123	-0.27	-0.602	-0.821	-0.935	-0.981	-0.996	0	0:02:14.094657
35700	714	714	0.966	0.922	0.821	0.628	0.327	-0.0474	-0.415	0.967	0.896	0.74	0.469	0.1	-0.291	-0.618	1	0:02:13.214228
35800	716	716	0.738	0.625	0.463	0.24	-0.0394	-0.341	-0.611	0.738	0.466	0.0971	-0.295	-0.62	-0.832	-0.94	1	0:02:13.163573
35900	718	449	0.231	0.121	-0.00784	-0.166	-0.355	-0.556	-0.737	0.23	-0.164	-0.521	-0.773	-0.912	-0.973	-0.993	0	0:02:13.179079
36000	720	951	0.607	0.502	0.358	0.159	-0.0941	-0.372	-0.626	0.607	0.277	-0.116	-0.482	-0.748	-0.9	-0.968	0	0:02:13.406630
36100	722	722	0.985	0.952	0.864	0.682	0.385	0.00479	-0.377	0.985	0.948	0.85	0.653	0.34	-0.0482	-0.425	1	0:02:13.179959
36200	724	780	0.937	0.898	0.806	0.624	0.334	-0.0338	-0.402	0.937	0.826	0.611	0.282	-0.111	-0.477	-0.745	0	0:02:13.183613
36300	726	726	0.984	0.95	0.862	0.679	0.382	0.00171	-0.38	0.985	0.945	0.845	0.643	0.326	-0.0632	-0.438	1	0:02:13.085890
36400	728	728	0.337	0.25	0.138	-0.0155	-0.217	-0.447	-0.665	0.336	-0.0525	-0.428	-0.713	-0.883	-0.961	-0.99	1	0:02:13.088771
36500	730	-1	0.0	0.0	0.0	0.0	0.0	0.0	0.0	0.0	0.0	0.0	0.0	0.0	0.0	0.0	0	0:01:55.773561
36600	732	732	0.85	0.761	0.611	0.38	0.0747	-0.263	-0.567	0.85	0.653	0.34	-0.048	-0.425	-0.711	-0.881	1	0:02:14.194377
36700	734	734	0.851	0.785	0.667	0.469	0.182	-0.16	-0.489	0.851	0.654	0.342	-0.0453	-0.422	-0.709	-0.88	1	0:02:12.930887
36800	736	736	0.988	0.956	0.871	0.691	0.395	0.0142	-0.37	0.988	0.956	0.869	0.688	0.391	0.00923	-0.375	1	0:02:12.908525
36900	738	738	0.573	0.436	0.266	0.0573	-0.188	-0.444	-0.671	0.572	0.231	-0.164	-0.52	-0.772	-0.912	-0.973	1	0:02:12.987615
37000	740	617	0.0659	-0.026	-0.133	-0.268	-0.432	-0.609	-0.769	0.0639	-0.325	-0.642	-0.844	-0.945	-0.984	-0.996	0	0:02:13.147221
37100	742	-1	0.0	0.0	0.0	0.0	0.0	0.0	0.0	0.0	0.0	0.0	0.0	0.0	0.0	0.0	0	0:01:55.648165
37200	744	657	0.157	0.1	0.0179	-0.107	-0.282	-0.489	-0.688	0.154	-0.24	-0.58	-0.808	-0.929	-0.979	-0.995	0	0:02:14.192300
37300	746	746	0.988	0.957	0.871	0.692	0.397	0.0155	-0.369	0.988	0.957	0.871	0.692	0.396	0.0152	-0.369	1	0:02:10.735337
37400	748	748	0.0787	0.00983	-0.0809	-0.207	-0.372	-0.559	-0.734	0.0752	-0.315	-0.635	-0.84	-0.943	-0.984	-0.996	1	0:02:13.159480
37500	750	208	0.13	-0.0131	-0.165	-0.329	-0.503	-0.671	-0.811	0.129	-0.264	-0.598	-0.819	-0.934	-0.981	-0.995	0	0:02:13.075892
37600	752	765	0.43	0.282	0.114	-0.0807	-0.302	-0.528	-0.724	0.43	0.0545	-0.334	-0.649	-0.848	-0.947	-0.985	0	0:02:13.046442
37700	754	-1	0.0	0.0	0.0	0.0	0.0	0.0	0.0	0.0	0.0	0.0	0.0	0.0	0.0	0.0	0	0:01:55.645072
37800	756	756	0.579	0.444	0.272	0.0576	-0.194	-0.453	-0.68	0.579	0.24	-0.155	-0.513	-0.768	-0.91	-0.972	1	0:02:14.134748
37900	758	758	0.0551	-0.0629	-0.19	-0.333	-0.494	-0.658	-0.8	0.0537	-0.335	-0.649	-0.848	-0.947	-0.985	-0.997	1	0:02:13.054602
38000	760	799	0.0258	-0.054	-0.152	-0.279	-0.438	-0.612	-0.769	0.0228	-0.363	-0.669	-0.859	-0.951	-0.987	-0.997	0	0:02:13.059957
38100	762	762	0.336	0.236	0.114	-0.046	-0.248	-0.474	-0.683	0.334	-0.0541	-0.43	-0.714	-0.883	-0.961	-0.99	1	0:02:12.891917
38200	764	650	0.0755	-0.00879	-0.111	-0.244	-0.41	-0.593	-0.759	0.0732	-0.317	-0.636	-0.841	-0.944	-0.984	-0.996	0	0:02:12.945443
38300	766	766	0.837	0.713	0.52	0.255	-0.0622	-0.383	-0.651	0.837	0.63	0.308	-0.0823	-0.454	-0.73	-0.891	1	0:02:12.978590
38400	768	768	0.0647	-0.0434	-0.164	-0.308	-0.473	-0.644	-0.792	0.0629	-0.326	-0.643	-0.845	-0.945	-0.985	-0.997	1	0:02:13.090425
38500	770	770	0.0551	-0.129	-0.312	-0.489	-0.65	-0.785	-0.884	0.0543	-0.334	-0.649	-0.848	-0.947	-0.985	-0.997	1	0:02:13.300563
38600	772	772	0.0323	-0.0317	-0.114	-0.23	-0.386	-0.567	-0.738	0.0294	-0.357	-0.665	-0.857	-0.95	-0.986	-0.997	1	0:02:13.234112
38700	774	774	0.594	0.454	0.278	0.0586	-0.196	-0.458	-0.684	0.594	0.259	-0.134	-0.497	-0.758	-0.905	-0.97	1	0:02:13.495107
38800	776	875	0.441	0.3	0.133	-0.0676	-0.296	-0.527	-0.726	0.441	0.067	-0.323	-0.64	-0.843	-0.945	-0.984	0	0:02:13.166826
38900	778	-1	0.0	0.0	0.0	0.0	0.0	0.0	0.0	0.0	0.0	0.0	0.0	0.0	0.0	0.0	0	0:01:55.721471
39000	780	-1	0.0	0.0	0.0	0.0	0.0	0.0	0.0	0.0	0.0	0.0	0.0	0.0	0.0	0.0	0	0:01:56.867457
39100	782	664	0.15	0.104	0.0322	-0.0858	-0.259	-0.469	-0.674	0.146	-0.248	-0.586	-0.812	-0.931	-0.979	-0.995	0	0:02:14.433008
39200	784	828	0.0787	0.0105	-0.0784	-0.203	-0.368	-0.556	-0.732	0.0756	-0.315	-0.635	-0.84	-0.943	-0.984	-0.996	0	0:02:13.284779
39300	786	-1	0.0	0.0	0.0	0.0	0.0	0.0	0.0	0.0	0.0	0.0	0.0	0.0	0.0	0.0	0	0:01:55.748381
39400	788	422	0.0113	-0.0909	-0.203	-0.336	-0.491	-0.653	-0.795	0.00972	-0.374	-0.677	-0.863	-0.953	-0.987	-0.997	0	0:02:13.527597
39500	790	791	0.45	0.238	0.00378	-0.237	-0.465	-0.663	-0.814	0.45	0.0779	-0.313	-0.633	-0.839	-0.943	-0.984	0	0:02:11.037781
39600	792	792	0.0397	-0.0498	-0.154	-0.284	-0.442	-0.614	-0.77	0.0373	-0.35	-0.66	-0.854	-0.949	-0.986	-0.997	1	0:02:10.993919
39700	794	794	0.783	0.67	0.504	0.272	-0.0173	-0.328	-0.605	0.783	0.538	0.186	-0.209	-0.556	-0.794	-0.922	1	0:02:10.759326
39800	796	796	0.979	0.943	0.853	0.67	0.373	-0.00471	-0.384	0.979	0.928	0.807	0.577	0.236	-0.158	-0.516	1	0:02:11.701885
39900	798	798	0.891	0.814	0.679	0.461	0.158	-0.19	-0.515	0.891	0.73	0.453	0.0814	-0.309	-0.631	-0.838	1	0:02:11.976298
40000	800	800	0.954	0.901	0.79	0.588	0.284	-0.0848	-0.442	0.954	0.865	0.68	0.379	-0.00484	-0.387	-0.686	1	0:02:11.665715
40100	802	-1	0.0	0.0	0.0	0.0	0.0	0.0	0.0	0.0	0.0	0.0	0.0	0.0	0.0	0.0	0	0:01:55.217267
40200	804	804	0.15	-0.0383	-0.235	-0.429	-0.608	-0.759	-0.87	0.15	-0.244	-0.583	-0.81	-0.93	-0.979	-0.995	1	0:02:13.388844
40300	806	806	0.941	0.889	0.782	0.585	0.287	-0.0789	-0.436	0.941	0.836	0.627	0.304	-0.0871	-0.458	-0.733	1	0:02:11.088561
40400	808	502	0.187	-0.0113	-0.22	-0.427	-0.615	-0.77	-0.88	0.187	-0.208	-0.555	-0.794	-0.922	-0.976	-0.994	0	0:02:10.886087
40500	810	878	0.0477	-0.0022	-0.0753	-0.187	-0.345	-0.533	-0.715	0.0434	-0.344	-0.656	-0.852	-0.948	-0.986	-0.997	0	0:02:11.099382
40600	812	812	0.988	0.956	0.871	0.692	0.396	0.0152	-0.369	0.988	0.956	0.871	0.691	0.394	0.0131	-0.371	1	0:02:11.504635
40700	814	554	0.236	0.0988	-0.0522	-0.223	-0.413	-0.604	-0.769	0.235	-0.159	-0.517	-0.77	-0.911	-0.972	-0.993	0	0:02:10.444494
40800	816	816	0.951	0.9	0.791	0.592	0.29	-0.0784	-0.437	0.951	0.859	0.669	0.363	-0.022	-0.402	-0.696	1	0:02:10.383597
40900	818	-1	0.0	0.0	0.0	0.0	0.0	0.0	0.0	0.0	0.0	0.0	0.0	0.0	0.0	0.0	0	0:01:54.973287
41000	820	820	0.167	0.0147	-0.143	-0.31	-0.485	-0.657	-0.801	0.167	-0.228	-0.57	-0.803	-0.926	-0.978	-0.995	1	0:02:11.930208
41100	822	822	0.977	0.94	0.848	0.663	0.365	-0.0127	-0.39	0.977	0.924	0.798	0.562	0.217	-0.178	-0.531	1	0:02:10.752140
41200	824	824	0.453	0.327	0.171	-0.0221	-0.25	-0.488	-0.699	0.453	0.0812	-0.309	-0.631	-0.838	-0.942	-0.984	1	0:02:10.854233
41300	826	826	0.109	0.00612	-0.114	-0.259	-0.43	-0.609	-0.769	0.106	-0.286	-0.614	-0.828	-0.938	-0.982	-0.996	1	0:02:10.833864
41400	828	633	0.169	0.00548	-0.169	-0.352	-0.537	-0.704	-0.836	0.168	-0.227	-0.569	-0.802	-0.926	-0.978	-0.995	0	0:02:09.583357
41500	830	830	0.0626	-0.00468	-0.0901	-0.211	-0.372	-0.558	-0.733	0.0601	-0.329	-0.645	-0.846	-0.946	-0.985	-0.997	1	0:02:10.969963
41600	832	832	0.555	0.407	0.224	0.00446	-0.243	-0.492	-0.705	0.555	0.208	-0.186	-0.538	-0.783	-0.917	-0.975	1	0:02:10.813541
41700	834	834	0.525	0.45	0.34	0.173	-0.0595	-0.333	-0.594	0.524	0.168	-0.226	-0.569	-0.802	-0.926	-0.978	1	0:02:10.845992
41800	836	-1	0.0	0.0	0.0	0.0	0.0	0.0	0.0	0.0	0.0	0.0	0.0	0.0	0.0	0.0	0	0:01:55.101237
41900	838	631	0.128	0.0377	-0.0733	-0.216	-0.39	-0.579	-0.749	0.125	-0.268	-0.6	-0.821	-0.935	-0.981	-0.996	0	0:02:12.113807
42000	840	840	0.93	0.865	0.739	0.525	0.216	-0.147	-0.488	0.93	0.81	0.582	0.243	-0.151	-0.51	-0.766	1	0:02:10.777430
42100	842	842	0.163	0.0244	-0.124	-0.29	-0.469	-0.646	-0.796	0.162	-0.232	-0.574	-0.805	-0.927	-0.978	-0.995	1	0:02:10.936157
42200	844	844	0.982	0.947	0.856	0.672	0.374	-0.0062	-0.386	0.982	0.938	0.829	0.615	0.287	-0.105	-0.473	1	0:02:10.927094
42300	846	-1	0.0	0.0	0.0	0.0	0.0	0.0	0.0	0.0	0.0	0.0	0.0	0.0	0.0	0.0	0	0:01:55.044684
42400	848	598	0.183	0.0859	-0.0263	-0.167	-0.344	-0.54	-0.723	0.181	-0.213	-0.559	-0.796	-0.923	-0.977	-0.994	0	0:02:11.850838
42500	850	850	0.302	0.0618	-0.19	-0.43	-0.635	-0.791	-0.895	0.302	-0.0889	-0.459	-0.734	-0.893	-0.965	-0.991	1	0:02:10.945894
42600	852	852	0.988	0.955	0.87	0.69	0.394	0.0135	-0.371	0.988	0.954	0.866	0.682	0.382	-0.000579	-0.383	1	0:02:10.922854
42700	854	854	0.146	0.0333	-0.0838	-0.222	-0.39	-0.575	-0.745	0.145	-0.249	-0.586	-0.812	-0.931	-0.979	-0.995	1	0:02:10.952313
42800	856	856	0.405	0.274	0.121	-0.0626	-0.278	-0.505	-0.707	0.404	0.024	-0.362	-0.668	-0.858	-0.951	-0.986	1	0:02:10.931449
42900	858	448	0.0247	-0.0209	-0.0876	-0.194	-0.348	-0.534	-0.715	0.0209	-0.364	-0.67	-0.859	-0.952	-0.987	-0.997	0	0:02:10.842174
43000	860	-1	0.0	0.0	0.0	0.0	0.0	0.0	0.0	0.0	0.0	0.0	0.0	0.0	0.0	0.0	0	0:01:55.020348
43100	862	862	0.497	0.336	0.147	-0.0709	-0.309	-0.542	-0.737	0.497	0.134	-0.259	-0.594	-0.817	-0.933	-0.98	1	0:02:11.932394
43200	864	-1	0.0	0.0	0.0	0.0	0.0	0.0	0.0	0.0	0.0	0.0	0.0	0.0	0.0	0.0	0	0:01:55.147617
43300	866	-1	0.0	0.0	0.0	0.0	0.0	0.0	0.0	0.0	0.0	0.0	0.0	0.0	0.0	0.0	0	0:01:56.326625
43400	868	967	0.0211	-0.0444	-0.128	-0.244	-0.398	-0.575	-0.742	0.0177	-0.367	-0.672	-0.861	-0.952	-0.987	-0.997	0	0:02:12.038126
43500	870	870	0.382	0.228	0.0624	-0.122	-0.327	-0.539	-0.727	0.382	-0.00111	-0.384	-0.683	-0.867	-0.955	-0.988	1	0:02:10.931626
43600	872	840	0.564	0.452	0.298	0.092	-0.161	-0.43	-0.667	0.564	0.219	-0.175	-0.529	-0.778	-0.915	-0.974	0	0:02:10.963805
43700	874	874	0.944	0.896	0.793	0.601	0.305	-0.0623	-0.424	0.944	0.843	0.64	0.322	-0.0679	-0.442	-0.722	1	0:02:10.842868
43800	876	648	0.0206	-0.0678	-0.17	-0.297	-0.452	-0.62	-0.773	0.0184	-0.367	-0.671	-0.86	-0.952	-0.987	-0.997	0	0:02:10.998071
43900	878	878	0.0947	0.00638	-0.1	-0.236	-0.403	-0.585	-0.752	0.0919	-0.299	-0.624	-0.834	-0.941	-0.983	-0.996	1	0:02:10.821726
44000	880	870	0.187	0.038	-0.129	-0.312	-0.501	-0.678	-0.82	0.186	-0.209	-0.556	-0.794	-0.922	-0.977	-0.994	0	0:02:10.917812
44100	882	-1	0.0	0.0	0.0	0.0	0.0	0.0	0.0	0.0	0.0	0.0	0.0	0.0	0.0	0.0	0	0:01:55.145837
44200	884	884	0.893	0.829	0.709	0.505	0.207	-0.146	-0.483	0.893	0.733	0.458	0.0874	-0.304	-0.627	-0.836	1	0:02:09.769652
44300	886	886	0.484	0.344	0.174	-0.031	-0.264	-0.502	-0.709	0.484	0.118	-0.275	-0.605	-0.823	-0.936	-0.981	1	0:02:08.736089
44400	888	718	0.23	0.137	0.0176	-0.138	-0.33	-0.538	-0.725	0.227	-0.167	-0.523	-0.774	-0.913	-0.973	-0.993	0	0:02:08.736964
44500	890	890	0.701	0.538	0.319	0.0515	-0.239	-0.513	-0.731	0.701	0.41	0.0305	-0.356	-0.664	-0.856	-0.95	1	0:02:08.952878
44600	892	442	0.108	-0.0551	-0.229	-0.409	-0.584	-0.738	-0.856	0.107	-0.286	-0.613	-0.828	-0.938	-0.982	-0.996	0	0:02:08.648634
44700	894	894	0.915	0.855	0.738	0.533	0.232	-0.129	-0.473	0.915	0.779	0.531	0.177	-0.218	-0.562	-0.798	1	0:02:08.561652
44800	896	896	0.355	0.204	0.0379	-0.149	-0.356	-0.565	-0.746	0.355	-0.0317	-0.411	-0.702	-0.876	-0.959	-0.989	1	0:02:08.752531
44900	898	458	0.199	0.0626	-0.0802	-0.24	-0.418	-0.603	-0.766	0.198	-0.197	-0.546	-0.788	-0.92	-0.975	-0.994	0	0:02:08.871818
45000	900	900	0.987	0.954	0.868	0.688	0.392	0.0116	-0.372	0.987	0.952	0.862	0.674	0.37	-0.0147	-0.396	1	0:02:08.864336
45100	902	902	0.976	0.94	0.849	0.666	0.37	-0.0074	-0.385	0.976	0.922	0.793	0.553	0.206	-0.189	-0.54	1	0:02:08.804322
45200	904	905	0.601	0.494	0.349	0.153	-0.0967	-0.372	-0.625	0.6	0.268	-0.125	-0.489	-0.753	-0.903	-0.969	0	0:02:08.993063
45300	906	906	0.87	0.782	0.635	0.409	0.106	-0.234	-0.545	0.87	0.69	0.393	0.0115	-0.373	-0.676	-0.863	1	0:02:09.037839
45400	908	895	0.188	0.101	-0.00994	-0.155	-0.338	-0.539	-0.724	0.186	-0.209	-0.556	-0.794	-0.922	-0.976	-0.994	0	0:02:09.019821
45500	910	641	0.805	0.681	0.497	0.244	-0.0599	-0.373	-0.64	0.805	0.574	0.232	-0.162	-0.519	-0.772	-0.912	0	0:02:08.931056
45600	912	912	0.329	0.155	-0.0432	-0.258	-0.475	-0.669	-0.82	0.329	-0.06	-0.435	-0.718	-0.885	-0.962	-0.99	1	0:02:08.987443
45700	914	914	0.728	0.619	0.462	0.245	-0.0309	-0.332	-0.603	0.728	0.451	0.0788	-0.312	-0.632	-0.839	-0.943	1	0:02:11.223966
45800	916	916	0.981	0.947	0.859	0.678	0.382	0.00334	-0.378	0.981	0.936	0.824	0.607	0.277	-0.116	-0.481	1	0:02:11.254553
45900	918	918	0.987	0.955	0.869	0.689	0.392	0.0116	-0.372	0.987	0.954	0.865	0.68	0.38	-0.00363	-0.386	1	0:02:08.865766
46000	920	-1	0.0	0.0	0.0	0.0	0.0	0.0	0.0	0.0	0.0	0.0	0.0	0.0	0.0	0.0	0	0:01:55.179060
46100	922	922	0.818	0.739	0.609	0.405	0.121	-0.209	-0.522	0.818	0.597	0.263	-0.13	-0.493	-0.756	-0.904	1	0:02:10.055359
46200	924	924	0.925	0.852	0.716	0.491	0.179	-0.179	-0.511	0.925	0.799	0.564	0.22	-0.175	-0.529	-0.778	1	0:02:09.008681
46300	926	926	0.887	0.832	0.726	0.535	0.247	-0.106	-0.452	0.887	0.722	0.442	0.0685	-0.321	-0.639	-0.843	1	0:02:11.232519
46400	928	-1	0.0	0.0	0.0	0.0	0.0	0.0	0.0	0.0	0.0	0.0	0.0	0.0	0.0	0.0	0	0:01:55.077144
46500	930	964	0.352	0.169	-0.0338	-0.25	-0.465	-0.659	-0.811	0.352	-0.0351	-0.414	-0.704	-0.877	-0.959	-0.989	0	0:02:12.361168
46600	932	932	0.528	0.374	0.179	-0.0547	-0.311	-0.555	-0.752	0.528	0.173	-0.221	-0.565	-0.8	-0.925	-0.977	1	0:02:08.880137
46700	934	937	0.0808	-0.055	-0.199	-0.356	-0.524	-0.686	-0.821	0.0797	-0.311	-0.632	-0.838	-0.943	-0.984	-0.996	0	0:02:08.999022
46800	936	936	0.835	0.732	0.566	0.323	0.0142	-0.316	-0.604	0.835	0.626	0.303	-0.0885	-0.459	-0.734	-0.893	1	0:02:08.999329
46900	938	937	0.413	0.282	0.127	-0.0617	-0.281	-0.51	-0.711	0.413	0.0341	-0.353	-0.662	-0.855	-0.95	-0.986	0	0:02:09.009313
47000	940	940	0.345	0.24	0.114	-0.0471	-0.249	-0.475	-0.683	0.344	-0.0431	-0.42	-0.708	-0.88	-0.96	-0.989	1	0:02:08.794541
47100	942	942	0.986	0.953	0.867	0.687	0.392	0.0113	-0.372	0.986	0.95	0.855	0.661	0.352	-0.0342	-0.413	1	0:02:08.902359
47200	944	946	0.731	0.663	0.55	0.366	0.102	-0.215	-0.52	0.731	0.455	0.0837	-0.307	-0.629	-0.837	-0.942	0	0:02:09.003989
47300	946	946	0.913	0.867	0.768	0.583	0.294	-0.0671	-0.425	0.913	0.775	0.524	0.169	-0.225	-0.568	-0.802	1	0:02:11.337761
47400	948	948	0.981	0.944	0.853	0.669	0.371	-0.00779	-0.386	0.981	0.934	0.82	0.599	0.266	-0.127	-0.491	1	0:02:08.845814
47500	950	950	0.967	0.929	0.838	0.655	0.36	-0.0152	-0.391	0.967	0.897	0.741	0.47	0.102	-0.29	-0.616	1	0:02:08.930628
47600	952	90	0.976	0.94	0.85	0.667	0.371	-0.00659	-0.385	0.976	0.922	0.794	0.555	0.208	-0.186	-0.538	0	0:02:08.993739
47700	954	-1	0.0	0.0	0.0	0.0	0.0	0.0	0.0	0.0	0.0	0.0	0.0	0.0	0.0	0.0	0	0:01:55.175163
47800	956	956	0.961	0.904	0.782	0.564	0.246	-0.128	-0.478	0.961	0.883	0.714	0.429	0.0525	-0.336	-0.65	1	0:02:10.282269
47900	958	663	0.279	0.155	0.00619	-0.172	-0.374	-0.58	-0.756	0.278	-0.114	-0.48	-0.747	-0.9	-0.968	-0.992	0	0:02:08.916821
48000	960	960	0.244	0.0837	-0.0821	-0.259	-0.447	-0.632	-0.787	0.244	-0.15	-0.51	-0.766	-0.909	-0.971	-0.993	1	0:02:09.202339
48100	962	962	0.314	0.149	-0.0299	-0.224	-0.429	-0.625	-0.787	0.314	-0.0762	-0.449	-0.727	-0.889	-0.964	-0.991	1	0:02:09.101562
48200	964	964	0.0169	-0.0717	-0.178	-0.312	-0.474	-0.644	-0.793	0.0148	-0.37	-0.674	-0.862	-0.952	-0.987	-0.997	1	0:02:08.905362
48300	966	-1	0.0	0.0	0.0	0.0	0.0	0.0	0.0	0.0	0.0	0.0	0.0	0.0	0.0	0.0	0	0:01:55.164900
48400	968	968	0.226	0.128	0.00115	-0.163	-0.36	-0.567	-0.748	0.224	-0.171	-0.526	-0.776	-0.914	-0.973	-0.993	1	0:02:09.911799
48500	970	795	0.82	0.721	0.565	0.336	0.0393	-0.286	-0.579	0.82	0.599	0.266	-0.127	-0.491	-0.754	-0.903	0	0:02:09.015217
48600	972	979	0.564	0.456	0.309	0.109	-0.141	-0.411	-0.653	0.563	0.218	-0.176	-0.53	-0.779	-0.915	-0.974	0	0:02:08.626138
48700	974	974	0.98	0.944	0.853	0.668	0.37	-0.00804	-0.387	0.98	0.932	0.815	0.592	0.256	-0.138	-0.499	1	0:02:08.569805
48800	976	972	0.0553	-0.0246	-0.13	-0.271	-0.442	-0.622	-0.78	0.0519	-0.336	-0.65	-0.849	-0.947	-0.985	-0.997	0	0:02:08.733026
48900	978	-1	0.0	0.0	0.0	0.0	0.0	0.0	0.0	0.0	0.0	0.0	0.0	0.0	0.0	0.0	0	0:01:54.982221
49000	980	980	0.963	0.915	0.81	0.612	0.31	-0.0631	-0.427	0.963	0.886	0.72	0.439	0.0645	-0.325	-0.642	1	0:02:09.963359
49100	982	982	0.68	0.581	0.441	0.244	-0.0142	-0.308	-0.582	0.68	0.379	-0.00468	-0.387	-0.686	-0.868	-0.955	1	0:02:09.139669
49200	984	984	0.987	0.955	0.87	0.69	0.395	0.0142	-0.37	0.987	0.954	0.864	0.679	0.378	-0.00603	-0.388	1	0:02:09.093606
49300	986	986	0.988	0.955	0.869	0.689	0.393	0.0125	-0.372	0.988	0.954	0.866	0.683	0.383	-9.52e-06	-0.383	1	0:02:11.207331
49400	988	112	0.0557	-0.0933	-0.246	-0.405	-0.568	-0.719	-0.842	0.0549	-0.334	-0.648	-0.848	-0.947	-0.985	-0.997	0	0:02:08.966266
49500	990	990	0.0957	-0.062	-0.227	-0.399	-0.569	-0.724	-0.846	0.0949	-0.297	-0.622	-0.833	-0.94	-0.983	-0.996	1	0:02:11.059013
49600	992	992	0.838	0.756	0.617	0.398	0.101	-0.236	-0.545	0.838	0.632	0.311	-0.08	-0.452	-0.729	-0.891	1	0:02:08.980332
49700	994	994	0.984	0.949	0.86	0.678	0.381	0.000992	-0.38	0.984	0.943	0.839	0.633	0.312	-0.0782	-0.45	1	0:02:09.058625
49800	996	996	0.14	-0.0409	-0.225	-0.409	-0.585	-0.739	-0.857	0.14	-0.254	-0.59	-0.814	-0.932	-0.98	-0.995	1	0:02:09.023390
49900	998	987	0.144	0.0958	0.0209	-0.0987	-0.271	-0.479	-0.681	0.14	-0.253	-0.59	-0.814	-0.932	-0.98	-0.995	0	0:02:08.910930
