idx	label	predict	exp_cdf_00	exp_cdf_25	exp_cdf_50	exp_cdf_75	exp_cdf_100	exp_cdf_125	exp_cdf_150	exp_00	exp_25	exp_50	exp_75	exp_100	exp_125	exp_150	correct	time
0	0	0	0.184	-0.124	-0.483	-0.805	-0.962	-0.997	-1.0	0.183	-0.558	-0.923	-0.994	-1.0	-1.0	-1.0	1	0:02:09.958901
100	2	2	0.901	0.738	0.256	-0.448	-0.881	-0.989	-1.0	0.901	0.483	-0.275	-0.823	-0.981	-0.999	-1.0	1	0:02:08.205102
200	4	395	0.0438	-0.182	-0.493	-0.806	-0.962	-0.997	-1.0	0.0421	-0.656	-0.948	-0.997	-1.0	-1.0	-1.0	0	0:02:08.266785
300	6	6	0.745	0.561	0.107	-0.519	-0.897	-0.99	-1.0	0.745	0.11	-0.611	-0.937	-0.996	-1.0	-1.0	1	0:02:08.290484
400	8	8	0.893	0.743	0.271	-0.436	-0.878	-0.989	-1.0	0.893	0.46	-0.301	-0.834	-0.983	-0.999	-1.0	1	0:02:08.230025
500	10	10	0.882	0.684	0.178	-0.5	-0.896	-0.991	-1.0	0.881	0.425	-0.339	-0.85	-0.985	-0.999	-1.0	1	0:02:08.165069
600	12	12	0.0236	-0.142	-0.423	-0.759	-0.95	-0.995	-1.0	0.0207	-0.67	-0.952	-0.997	-1.0	-1.0	-1.0	1	0:02:08.264281
700	14	14	0.987	0.87	0.395	-0.37	-0.862	-0.987	-1.0	0.987	0.866	0.381	-0.385	-0.867	-0.988	-1.0	1	0:02:08.105330
800	16	16	0.962	0.814	0.321	-0.417	-0.874	-0.988	-1.0	0.962	0.716	0.0569	-0.647	-0.946	-0.997	-1.0	1	0:02:08.381012
900	18	18	0.18	-0.169	-0.528	-0.826	-0.967	-0.997	-1.0	0.18	-0.56	-0.924	-0.994	-1.0	-1.0	-1.0	1	0:02:08.228336
1000	20	20	0.968	0.819	0.319	-0.423	-0.876	-0.989	-1.0	0.968	0.747	0.114	-0.608	-0.937	-0.996	-1.0	1	0:02:08.191127
1100	22	21	0.39	-0.025	-0.494	-0.836	-0.972	-0.998	-1.0	0.39	-0.376	-0.864	-0.987	-1.0	-1.0	-1.0	0	0:02:08.118615
1200	24	24	0.985	0.865	0.388	-0.374	-0.863	-0.987	-1.0	0.985	0.85	0.34	-0.424	-0.881	-0.99	-1.0	1	0:02:08.147817
1300	26	26	0.54	0.221	-0.263	-0.727	-0.949	-0.996	-1.0	0.54	-0.206	-0.793	-0.976	-0.999	-1.0	-1.0	1	0:02:08.032919
1400	28	28	0.0721	-0.276	-0.593	-0.85	-0.971	-0.998	-1.0	0.0717	-0.637	-0.944	-0.996	-1.0	-1.0	-1.0	1	0:02:08.300880
1500	30	30	0.317	0.00674	-0.384	-0.76	-0.952	-0.996	-1.0	0.316	-0.447	-0.889	-0.99	-1.0	-1.0	-1.0	1	0:02:08.337842
1600	32	-1	0.0	0.0	0.0	0.0	0.0	0.0	0.0	0.0	0.0	0.0	0.0	0.0	0.0	0.0	0	0:01:54.170879
1700	34	327	0.0438	-0.135	-0.42	-0.76	-0.951	-0.996	-1.0	0.0419	-0.657	-0.949	-0.997	-1.0	-1.0	-1.0	0	0:02:09.242461
1800	36	35	0.343	0.156	-0.208	-0.665	-0.93	-0.994	-1.0	0.341	-0.423	-0.881	-0.989	-1.0	-1.0	-1.0	0	0:02:08.218535
1900	38	38	0.358	-0.0577	-0.494	-0.824	-0.968	-0.997	-1.0	0.358	-0.408	-0.875	-0.989	-1.0	-1.0	-1.0	1	0:02:08.348165
2000	40	31	0.0774	-0.225	-0.539	-0.821	-0.964	-0.997	-1.0	0.0766	-0.634	-0.943	-0.996	-1.0	-1.0	-1.0	0	0:02:08.182745
2100	42	48	0.906	0.706	0.191	-0.495	-0.895	-0.99	-1.0	0.906	0.501	-0.254	-0.814	-0.98	-0.999	-1.0	0	0:02:08.263688
2200	44	44	0.796	0.523	-0.00229	-0.599	-0.92	-0.993	-1.0	0.796	0.213	-0.534	-0.916	-0.994	-1.0	-1.0	1	0:02:08.320665
2300	46	46	0.158	0.0247	-0.272	-0.682	-0.932	-0.994	-1.0	0.155	-0.579	-0.929	-0.995	-1.0	-1.0	-1.0	1	0:02:08.323890
2400	48	48	0.256	-0.101	-0.481	-0.808	-0.963	-0.997	-1.0	0.256	-0.499	-0.906	-0.992	-1.0	-1.0	-1.0	1	0:02:08.357348
2500	50	50	0.829	0.576	0.0424	-0.581	-0.916	-0.993	-1.0	0.829	0.287	-0.472	-0.897	-0.992	-1.0	-1.0	1	0:02:08.150747
2600	52	52	0.434	0.126	-0.296	-0.722	-0.944	-0.995	-1.0	0.434	-0.33	-0.846	-0.985	-0.999	-1.0	-1.0	1	0:02:08.157061
2700	54	57	0.743	0.556	0.106	-0.518	-0.897	-0.99	-1.0	0.742	0.105	-0.615	-0.938	-0.996	-1.0	-1.0	0	0:02:08.210678
2800	56	56	0.652	0.307	-0.21	-0.705	-0.944	-0.995	-1.0	0.652	-0.0488	-0.711	-0.961	-0.998	-1.0	-1.0	1	0:02:08.129371
2900	58	-1	0.0	0.0	0.0	0.0	0.0	0.0	0.0	0.0	0.0	0.0	0.0	0.0	0.0	0.0	0	0:01:54.145379
3000	60	62	0.291	0.0439	-0.33	-0.731	-0.945	-0.995	-1.0	0.29	-0.47	-0.897	-0.991	-1.0	-1.0	-1.0	0	0:02:09.094562
3100	62	62	0.4	0.133	-0.274	-0.709	-0.941	-0.995	-1.0	0.399	-0.366	-0.86	-0.987	-0.999	-1.0	-1.0	1	0:02:08.116132
3200	64	64	0.671	0.423	-0.0631	-0.625	-0.925	-0.993	-1.0	0.67	-0.0202	-0.695	-0.957	-0.998	-1.0	-1.0	1	0:02:08.595447
3300	66	63	0.14	-0.136	-0.474	-0.8	-0.962	-0.997	-1.0	0.139	-0.591	-0.932	-0.995	-1.0	-1.0	-1.0	0	0:02:08.237460
3400	68	111	0.031	-0.241	-0.533	-0.814	-0.962	-0.997	-1.0	0.0302	-0.664	-0.95	-0.997	-1.0	-1.0	-1.0	0	0:02:08.462230
3500	70	70	0.975	0.849	0.372	-0.383	-0.865	-0.987	-1.0	0.975	0.783	0.186	-0.555	-0.922	-0.994	-1.0	1	0:02:08.209064
3600	72	72	0.531	0.37	-0.0211	-0.571	-0.907	-0.991	-1.0	0.529	-0.22	-0.799	-0.977	-0.999	-1.0	-1.0	1	0:02:08.255832
3700	74	74	0.374	0.139	-0.245	-0.688	-0.935	-0.994	-1.0	0.372	-0.394	-0.87	-0.988	-1.0	-1.0	-1.0	1	0:02:08.066199
3800	76	76	0.79	0.491	-0.0433	-0.621	-0.924	-0.993	-1.0	0.79	0.2	-0.544	-0.919	-0.994	-1.0	-1.0	1	0:02:08.195273
3900	78	78	0.747	0.457	-0.058	-0.624	-0.925	-0.993	-1.0	0.747	0.114	-0.608	-0.937	-0.996	-1.0	-1.0	1	0:02:08.151906
4000	80	80	0.979	0.857	0.381	-0.378	-0.863	-0.987	-1.0	0.979	0.807	0.238	-0.514	-0.91	-0.993	-1.0	1	0:02:08.524548
4100	82	82	0.695	0.495	0.0471	-0.549	-0.904	-0.991	-1.0	0.694	0.0193	-0.671	-0.952	-0.997	-1.0	-1.0	1	0:02:08.386657
4200	84	84	0.506	0.167	-0.301	-0.738	-0.95	-0.996	-1.0	0.506	-0.248	-0.812	-0.979	-0.999	-1.0	-1.0	1	0:02:08.348504
4300	86	86	0.208	0.0601	-0.255	-0.678	-0.931	-0.994	-1.0	0.205	-0.541	-0.918	-0.994	-1.0	-1.0	-1.0	1	0:02:08.197996
4400	88	88	0.228	-0.292	-0.718	-0.93	-0.99	-0.999	-1.0	0.228	-0.522	-0.913	-0.993	-1.0	-1.0	-1.0	1	0:02:08.284172
4500	90	90	0.715	0.439	-0.049	-0.609	-0.92	-0.993	-1.0	0.715	0.0548	-0.648	-0.947	-0.997	-1.0	-1.0	1	0:02:08.528914
4600	92	92	0.546	0.239	-0.222	-0.696	-0.94	-0.995	-1.0	0.545	-0.199	-0.789	-0.976	-0.999	-1.0	-1.0	1	0:02:08.298329
4700	94	94	0.985	0.865	0.389	-0.374	-0.863	-0.987	-1.0	0.985	0.846	0.329	-0.435	-0.885	-0.99	-1.0	1	0:02:08.185273
4800	96	96	0.987	0.87	0.395	-0.37	-0.861	-0.987	-1.0	0.987	0.864	0.378	-0.388	-0.868	-0.988	-1.0	1	0:02:08.427580
4900	98	98	0.719	0.475	-0.00919	-0.591	-0.916	-0.992	-1.0	0.719	0.0623	-0.643	-0.945	-0.997	-1.0	-1.0	1	0:02:08.340828
5000	100	100	0.984	0.863	0.387	-0.375	-0.863	-0.987	-1.0	0.984	0.84	0.314	-0.448	-0.889	-0.991	-1.0	1	0:02:08.400897
5100	102	102	0.984	0.865	0.39	-0.373	-0.862	-0.987	-1.0	0.984	0.841	0.318	-0.445	-0.888	-0.99	-1.0	1	0:02:08.376980
5200	104	342	0.172	-0.144	-0.539	-0.846	-0.973	-0.998	-1.0	0.169	-0.568	-0.926	-0.995	-1.0	-1.0	-1.0	0	0:02:08.442064
5300	106	106	0.79	0.465	-0.0934	-0.657	-0.935	-0.994	-1.0	0.79	0.2	-0.544	-0.919	-0.994	-1.0	-1.0	1	0:02:08.466305
5400	108	470	0.272	-0.041	-0.425	-0.784	-0.959	-0.997	-1.0	0.271	-0.486	-0.902	-0.992	-1.0	-1.0	-1.0	0	0:02:08.452127
5500	110	110	0.854	0.662	0.173	-0.494	-0.893	-0.99	-1.0	0.854	0.351	-0.414	-0.878	-0.989	-1.0	-1.0	1	0:02:08.432667
5600	112	112	0.925	0.738	0.224	-0.477	-0.89	-0.99	-1.0	0.925	0.567	-0.172	-0.776	-0.973	-0.999	-1.0	1	0:02:08.414053
5700	114	113	0.487	0.144	-0.309	-0.736	-0.948	-0.996	-1.0	0.487	-0.271	-0.822	-0.981	-0.999	-1.0	-1.0	0	0:02:08.460211
5800	116	116	0.988	0.871	0.395	-0.37	-0.862	-0.987	-1.0	0.988	0.87	0.392	-0.373	-0.863	-0.987	-1.0	1	0:02:08.407837
5900	118	118	0.494	0.261	-0.153	-0.647	-0.927	-0.993	-1.0	0.493	-0.264	-0.819	-0.981	-0.999	-1.0	-1.0	1	0:02:08.438929
6000	120	119	0.0534	-0.186	-0.504	-0.812	-0.964	-0.997	-1.0	0.0513	-0.651	-0.947	-0.997	-1.0	-1.0	-1.0	0	0:02:08.830871
6100	122	122	0.945	0.806	0.327	-0.409	-0.872	-0.988	-1.0	0.945	0.643	-0.0632	-0.72	-0.962	-0.998	-1.0	1	0:02:08.452103
6200	124	123	0.0699	-0.14	-0.448	-0.779	-0.955	-0.996	-1.0	0.0676	-0.64	-0.945	-0.996	-1.0	-1.0	-1.0	0	0:02:08.515817
6300	126	126	0.527	0.245	-0.203	-0.683	-0.937	-0.994	-1.0	0.527	-0.223	-0.801	-0.978	-0.999	-1.0	-1.0	1	0:02:08.589006
6400	128	128	0.923	0.781	0.306	-0.418	-0.873	-0.988	-1.0	0.923	0.559	-0.182	-0.781	-0.974	-0.999	-1.0	1	0:02:08.484768
6500	130	130	0.976	0.845	0.362	-0.392	-0.867	-0.988	-1.0	0.976	0.792	0.204	-0.542	-0.918	-0.994	-1.0	1	0:02:08.479350
6600	132	132	0.956	0.814	0.328	-0.41	-0.872	-0.988	-1.0	0.956	0.69	0.0122	-0.675	-0.953	-0.997	-1.0	1	0:02:08.645168
6700	134	132	0.265	-0.103	-0.514	-0.833	-0.97	-0.998	-1.0	0.264	-0.492	-0.904	-0.992	-1.0	-1.0	-1.0	0	0:02:08.751575
6800	136	136	0.988	0.871	0.397	-0.369	-0.861	-0.987	-0.999	0.988	0.871	0.396	-0.369	-0.861	-0.987	-1.0	1	0:02:08.707214
6900	138	138	0.92	0.753	0.261	-0.449	-0.882	-0.989	-1.0	0.92	0.548	-0.195	-0.788	-0.975	-0.999	-1.0	1	0:02:08.692201
7000	140	140	0.981	0.861	0.386	-0.375	-0.863	-0.987	-1.0	0.981	0.823	0.273	-0.485	-0.901	-0.992	-1.0	1	0:02:08.615052
7100	142	142	0.797	0.567	0.0703	-0.552	-0.907	-0.992	-1.0	0.797	0.216	-0.532	-0.916	-0.994	-1.0	-1.0	1	0:02:08.694601
7200	144	144	0.948	0.796	0.305	-0.426	-0.876	-0.989	-1.0	0.948	0.656	-0.0422	-0.708	-0.96	-0.998	-1.0	1	0:02:08.780098
7300	146	146	0.0817	-0.191	-0.51	-0.812	-0.964	-0.997	-1.0	0.0808	-0.631	-0.942	-0.996	-1.0	-1.0	-1.0	1	0:02:08.875133
7400	148	148	0.988	0.871	0.396	-0.369	-0.861	-0.987	-0.999	0.988	0.871	0.396	-0.37	-0.862	-0.987	-1.0	1	0:02:08.791962
7500	150	360	0.601	0.273	-0.205	-0.688	-0.938	-0.994	-1.0	0.601	-0.125	-0.753	-0.969	-0.998	-1.0	-1.0	0	0:02:08.873795
7600	152	152	0.83	0.606	0.0975	-0.544	-0.906	-0.992	-1.0	0.83	0.289	-0.471	-0.897	-0.991	-1.0	-1.0	1	0:02:08.867012
7700	154	154	0.907	0.727	0.228	-0.47	-0.888	-0.99	-1.0	0.907	0.504	-0.251	-0.813	-0.98	-0.999	-1.0	1	0:02:09.581392
7800	156	156	0.858	0.681	0.202	-0.475	-0.887	-0.99	-1.0	0.858	0.36	-0.405	-0.875	-0.989	-1.0	-1.0	1	0:02:09.757695
7900	158	158	0.653	0.409	-0.058	-0.613	-0.921	-0.993	-1.0	0.652	-0.0488	-0.711	-0.961	-0.998	-1.0	-1.0	1	0:02:08.810887
8000	160	160	0.985	0.865	0.387	-0.376	-0.863	-0.987	-1.0	0.985	0.85	0.341	-0.424	-0.881	-0.99	-1.0	1	0:02:09.069373
8100	162	162	0.572	0.329	-0.108	-0.629	-0.923	-0.993	-1.0	0.571	-0.165	-0.773	-0.973	-0.999	-1.0	-1.0	1	0:02:09.147836
8200	164	164	0.38	-0.0254	-0.468	-0.815	-0.966	-0.997	-1.0	0.38	-0.386	-0.867	-0.988	-1.0	-1.0	-1.0	1	0:02:09.329323
8300	166	166	0.786	0.62	0.163	-0.491	-0.891	-0.99	-1.0	0.786	0.191	-0.552	-0.921	-0.994	-1.0	-1.0	1	0:02:09.308140
8400	168	211	0.0532	-0.162	-0.457	-0.779	-0.955	-0.996	-1.0	0.0514	-0.65	-0.947	-0.997	-1.0	-1.0	-1.0	0	0:02:09.369417
8500	170	172	0.429	0.0814	-0.362	-0.763	-0.955	-0.996	-1.0	0.429	-0.335	-0.848	-0.985	-0.999	-1.0	-1.0	0	0:02:09.384660
8600	172	172	0.599	0.359	-0.101	-0.636	-0.927	-0.994	-1.0	0.598	-0.128	-0.754	-0.969	-0.998	-1.0	-1.0	1	0:02:09.398464
8700	174	174	0.504	0.263	-0.149	-0.643	-0.925	-0.993	-1.0	0.503	-0.252	-0.813	-0.98	-0.999	-1.0	-1.0	1	0:02:09.548019
8800	176	176	0.522	0.16	-0.324	-0.755	-0.954	-0.996	-1.0	0.522	-0.228	-0.803	-0.978	-0.999	-1.0	-1.0	1	0:02:09.831237
8900	178	178	0.987	0.869	0.392	-0.373	-0.862	-0.987	-1.0	0.987	0.864	0.377	-0.389	-0.869	-0.988	-1.0	1	0:02:09.609577
9000	180	243	0.258	-0.00361	-0.359	-0.738	-0.946	-0.995	-1.0	0.257	-0.499	-0.906	-0.992	-1.0	-1.0	-1.0	0	0:02:09.687990
9100	182	182	0.0782	-0.176	-0.483	-0.796	-0.959	-0.996	-1.0	0.0774	-0.633	-0.943	-0.996	-1.0	-1.0	-1.0	1	0:02:09.401499
9200	184	-1	0.0	0.0	0.0	0.0	0.0	0.0	0.0	0.0	0.0	0.0	0.0	0.0	0.0	0.0	0	0:01:55.465141
9300	186	192	0.499	0.25	-0.172	-0.659	-0.93	-0.994	-1.0	0.498	-0.257	-0.816	-0.98	-0.999	-1.0	-1.0	0	0:02:10.330546
9400	188	188	0.148	-0.117	-0.455	-0.786	-0.957	-0.996	-1.0	0.147	-0.585	-0.931	-0.995	-1.0	-1.0	-1.0	1	0:02:09.248065
9500	190	190	0.969	0.845	0.37	-0.384	-0.865	-0.987	-1.0	0.969	0.755	0.129	-0.598	-0.934	-0.995	-1.0	1	0:02:09.194288
9600	192	199	0.711	0.432	-0.0626	-0.62	-0.923	-0.993	-1.0	0.711	0.0484	-0.652	-0.948	-0.997	-1.0	-1.0	0	0:02:09.173959
9700	194	-1	0.0	0.0	0.0	0.0	0.0	0.0	0.0	0.0	0.0	0.0	0.0	0.0	0.0	0.0	0	0:01:55.397283
9800	196	199	0.924	0.769	0.284	-0.434	-0.878	-0.989	-1.0	0.924	0.56	-0.181	-0.781	-0.974	-0.999	-1.0	0	0:02:10.288477
9900	198	-1	0.0	0.0	0.0	0.0	0.0	0.0	0.0	0.0	0.0	0.0	0.0	0.0	0.0	0.0	0	0:01:55.131627
10000	200	200	0.829	0.592	0.0798	-0.551	-0.907	-0.992	-1.0	0.829	0.287	-0.473	-0.897	-0.992	-1.0	-1.0	1	0:02:09.989363
10100	202	202	0.887	0.719	0.233	-0.463	-0.885	-0.989	-1.0	0.887	0.441	-0.322	-0.843	-0.984	-0.999	-1.0	1	0:02:09.146229
10200	204	204	0.23	-0.0456	-0.407	-0.766	-0.953	-0.996	-1.0	0.228	-0.522	-0.913	-0.993	-1.0	-1.0	-1.0	1	0:02:09.083850
10300	206	206	0.947	0.795	0.303	-0.426	-0.876	-0.989	-1.0	0.947	0.651	-0.0507	-0.712	-0.961	-0.998	-1.0	1	0:02:09.213604
10400	208	208	0.419	0.113	-0.321	-0.741	-0.95	-0.996	-1.0	0.418	-0.347	-0.853	-0.986	-0.999	-1.0	-1.0	1	0:02:09.222754
10500	210	210	0.485	0.205	-0.222	-0.686	-0.936	-0.994	-1.0	0.484	-0.274	-0.823	-0.981	-0.999	-1.0	-1.0	1	0:02:09.452016
10600	212	212	0.354	-0.0485	-0.473	-0.811	-0.965	-0.997	-1.0	0.354	-0.412	-0.877	-0.989	-1.0	-1.0	-1.0	1	0:02:09.423652
10700	214	214	0.806	0.488	-0.0707	-0.644	-0.931	-0.994	-1.0	0.806	0.235	-0.517	-0.911	-0.993	-1.0	-1.0	1	0:02:09.410753
10800	216	216	0.905	0.717	0.207	-0.487	-0.893	-0.99	-1.0	0.905	0.496	-0.26	-0.817	-0.98	-0.999	-1.0	1	0:02:09.372924
10900	218	218	0.957	0.829	0.355	-0.392	-0.867	-0.987	-1.0	0.957	0.693	0.0171	-0.672	-0.952	-0.997	-1.0	1	0:02:09.483432
11000	220	220	0.552	0.265	-0.19	-0.677	-0.935	-0.994	-1.0	0.552	-0.191	-0.786	-0.975	-0.999	-1.0	-1.0	1	0:02:09.628831
11100	222	222	0.0385	-0.231	-0.548	-0.831	-0.967	-0.997	-1.0	0.0364	-0.66	-0.949	-0.997	-1.0	-1.0	-1.0	1	0:02:09.659872
11200	224	233	0.0818	-0.14	-0.453	-0.782	-0.956	-0.996	-1.0	0.0798	-0.632	-0.943	-0.996	-1.0	-1.0	-1.0	0	0:02:09.792610
11300	226	226	0.885	0.647	0.0992	-0.558	-0.912	-0.992	-1.0	0.885	0.437	-0.327	-0.845	-0.985	-0.999	-1.0	1	0:02:09.847287
11400	228	228	0.976	0.836	0.342	-0.408	-0.872	-0.988	-1.0	0.976	0.789	0.198	-0.546	-0.92	-0.994	-1.0	1	0:02:09.965018
11500	230	230	0.139	-0.0965	-0.424	-0.768	-0.953	-0.996	-1.0	0.137	-0.592	-0.932	-0.995	-1.0	-1.0	-1.0	1	0:02:09.828258
11600	232	232	0.785	0.642	0.199	-0.467	-0.884	-0.989	-1.0	0.785	0.189	-0.554	-0.922	-0.994	-1.0	-1.0	1	0:02:10.187185
11700	234	234	0.556	0.212	-0.264	-0.719	-0.945	-0.995	-1.0	0.556	-0.186	-0.783	-0.975	-0.999	-1.0	-1.0	1	0:02:09.713268
11800	236	234	0.000806	-0.193	-0.484	-0.795	-0.959	-0.996	-1.0	-0.00244	-0.684	-0.955	-0.997	-1.0	-1.0	-1.0	0	0:02:09.835911
11900	238	238	0.387	0.195	-0.176	-0.649	-0.926	-0.993	-1.0	0.385	-0.38	-0.865	-0.987	-1.0	-1.0	-1.0	1	0:02:09.884591
12000	240	238	0.479	0.258	-0.147	-0.641	-0.925	-0.993	-1.0	0.478	-0.281	-0.826	-0.982	-0.999	-1.0	-1.0	0	0:02:09.658567
12100	242	242	0.771	0.548	0.0557	-0.561	-0.91	-0.992	-1.0	0.771	0.161	-0.574	-0.928	-0.995	-1.0	-1.0	1	0:02:09.701062
12200	244	244	0.988	0.87	0.395	-0.37	-0.861	-0.987	-1.0	0.988	0.867	0.384	-0.382	-0.866	-0.988	-1.0	1	0:02:09.910912
12300	246	251	0.535	0.274	-0.161	-0.656	-0.929	-0.994	-1.0	0.535	-0.213	-0.796	-0.977	-0.999	-1.0	-1.0	0	0:02:09.823557
12400	248	248	0.0138	-0.0989	-0.359	-0.72	-0.94	-0.994	-1.0	0.00909	-0.677	-0.953	-0.997	-1.0	-1.0	-1.0	1	0:02:09.637679
12500	250	169	0.254	-0.0343	-0.393	-0.757	-0.951	-0.996	-1.0	0.254	-0.501	-0.906	-0.993	-1.0	-1.0	-1.0	0	0:02:09.800972
12600	252	252	0.883	0.654	0.116	-0.545	-0.908	-0.992	-1.0	0.883	0.431	-0.333	-0.847	-0.985	-0.999	-1.0	1	0:02:09.839433
12700	254	254	0.234	-0.0531	-0.416	-0.772	-0.955	-0.996	-1.0	0.233	-0.518	-0.912	-0.993	-1.0	-1.0	-1.0	1	0:02:09.680451
12800	256	256	0.965	0.83	0.346	-0.401	-0.87	-0.988	-1.0	0.965	0.731	0.0843	-0.629	-0.942	-0.996	-1.0	1	0:02:09.568746
12900	258	258	0.638	0.309	-0.183	-0.68	-0.936	-0.994	-1.0	0.638	-0.071	-0.724	-0.963	-0.998	-1.0	-1.0	1	0:02:09.537238
13000	260	260	0.778	0.442	-0.12	-0.672	-0.938	-0.995	-1.0	0.778	0.175	-0.564	-0.925	-0.995	-1.0	-1.0	1	0:02:09.425743
13100	262	262	0.985	0.866	0.391	-0.373	-0.862	-0.987	-1.0	0.985	0.849	0.337	-0.428	-0.882	-0.99	-1.0	1	0:02:09.487808
13200	264	264	0.424	0.0476	-0.406	-0.787	-0.96	-0.997	-1.0	0.424	-0.341	-0.85	-0.985	-0.999	-1.0	-1.0	1	0:02:09.299611
13300	266	266	0.0946	-0.0958	-0.399	-0.75	-0.948	-0.995	-1.0	0.0916	-0.624	-0.941	-0.996	-1.0	-1.0	-1.0	1	0:02:09.071231
13400	268	268	0.985	0.863	0.384	-0.378	-0.864	-0.987	-1.0	0.985	0.845	0.328	-0.436	-0.885	-0.99	-1.0	1	0:02:09.158129
13500	270	270	0.943	0.808	0.332	-0.405	-0.87	-0.988	-1.0	0.943	0.634	-0.0761	-0.727	-0.964	-0.998	-1.0	1	0:02:09.119462
13600	272	274	0.352	0.0229	-0.395	-0.774	-0.957	-0.996	-1.0	0.351	-0.414	-0.878	-0.989	-1.0	-1.0	-1.0	0	0:02:09.245654
13700	274	274	0.967	0.831	0.347	-0.4	-0.87	-0.988	-1.0	0.967	0.743	0.107	-0.613	-0.938	-0.996	-1.0	1	0:02:09.372533
13800	276	276	0.976	0.85	0.371	-0.384	-0.865	-0.987	-1.0	0.976	0.789	0.198	-0.546	-0.92	-0.994	-1.0	1	0:02:09.214284
13900	278	278	0.402	0.207	-0.169	-0.646	-0.925	-0.993	-1.0	0.4	-0.365	-0.86	-0.987	-0.999	-1.0	-1.0	1	0:02:09.467572
14000	280	280	0.691	0.412	-0.0855	-0.635	-0.927	-0.994	-1.0	0.69	0.0127	-0.675	-0.953	-0.997	-1.0	-1.0	1	0:02:09.391950
14100	282	282	0.403	0.237	-0.127	-0.621	-0.919	-0.992	-1.0	0.401	-0.364	-0.859	-0.987	-0.999	-1.0	-1.0	1	0:02:09.640376
14200	284	284	0.988	0.87	0.395	-0.37	-0.861	-0.987	-1.0	0.988	0.866	0.383	-0.383	-0.866	-0.988	-1.0	1	0:02:09.572771
14300	286	286	0.979	0.854	0.374	-0.383	-0.865	-0.987	-1.0	0.979	0.812	0.249	-0.505	-0.908	-0.993	-1.0	1	0:02:09.496648
14400	288	288	0.716	0.467	-0.0195	-0.597	-0.917	-0.993	-1.0	0.716	0.0562	-0.647	-0.946	-0.997	-1.0	-1.0	1	0:02:09.843946
14500	290	290	0.78	0.621	0.172	-0.483	-0.888	-0.99	-1.0	0.779	0.178	-0.562	-0.924	-0.994	-1.0	-1.0	1	0:02:09.025651
14600	292	290	0.504	0.259	-0.164	-0.655	-0.929	-0.994	-1.0	0.503	-0.251	-0.813	-0.98	-0.999	-1.0	-1.0	0	0:02:09.292263
14700	294	294	0.794	0.495	-0.0387	-0.619	-0.924	-0.993	-1.0	0.794	0.209	-0.537	-0.917	-0.994	-1.0	-1.0	1	0:02:09.333280
14800	296	296	0.879	0.606	0.0346	-0.599	-0.923	-0.993	-1.0	0.879	0.419	-0.345	-0.852	-0.986	-0.999	-1.0	1	0:02:09.298558
14900	298	-1	0.0	0.0	0.0	0.0	0.0	0.0	0.0	0.0	0.0	0.0	0.0	0.0	0.0	0.0	0	0:01:55.591893
15000	300	300	0.982	0.861	0.384	-0.377	-0.863	-0.987	-1.0	0.982	0.829	0.288	-0.472	-0.897	-0.991	-1.0	1	0:02:10.524802
15100	302	-1	0.0	0.0	0.0	0.0	0.0	0.0	0.0	0.0	0.0	0.0	0.0	0.0	0.0	0.0	0	0:01:55.630098
15200	304	301	0.907	0.763	0.292	-0.426	-0.875	-0.988	-1.0	0.907	0.502	-0.253	-0.814	-0.98	-0.999	-1.0	0	0:02:10.476629
15300	306	306	0.988	0.869	0.394	-0.371	-0.862	-0.987	-1.0	0.988	0.866	0.382	-0.384	-0.867	-0.988	-1.0	1	0:02:09.564993
15400	308	308	0.912	0.707	0.182	-0.504	-0.897	-0.991	-1.0	0.912	0.519	-0.232	-0.805	-0.978	-0.999	-1.0	1	0:02:09.625954
15500	310	310	0.987	0.869	0.394	-0.371	-0.862	-0.987	-1.0	0.987	0.865	0.379	-0.386	-0.868	-0.988	-1.0	1	0:02:09.556508
15600	312	-1	0.0	0.0	0.0	0.0	0.0	0.0	0.0	0.0	0.0	0.0	0.0	0.0	0.0	0.0	0	0:01:55.791174
15700	314	314	0.709	0.467	-0.0108	-0.59	-0.916	-0.992	-1.0	0.709	0.0443	-0.655	-0.948	-0.997	-1.0	-1.0	1	0:02:10.596457
15800	316	316	0.978	0.854	0.375	-0.382	-0.865	-0.987	-1.0	0.978	0.806	0.235	-0.517	-0.911	-0.993	-1.0	1	0:02:09.416961
15900	318	318	0.586	0.252	-0.235	-0.708	-0.943	-0.995	-1.0	0.586	-0.146	-0.764	-0.971	-0.999	-1.0	-1.0	1	0:02:09.510089
16000	320	320	0.682	0.497	0.059	-0.541	-0.902	-0.991	-1.0	0.681	-0.0025	-0.684	-0.955	-0.997	-1.0	-1.0	1	0:02:09.675333
16100	322	322	0.652	0.412	-0.0444	-0.601	-0.917	-0.992	-1.0	0.651	-0.0499	-0.712	-0.961	-0.998	-1.0	-1.0	1	0:02:09.325266
16200	324	324	0.95	0.809	0.328	-0.409	-0.871	-0.988	-1.0	0.95	0.662	-0.033	-0.702	-0.959	-0.998	-1.0	1	0:02:09.521897
16300	326	326	0.809	0.604	0.123	-0.519	-0.898	-0.991	-1.0	0.809	0.241	-0.512	-0.909	-0.993	-1.0	-1.0	1	0:02:09.310037
16400	328	328	0.96	0.828	0.35	-0.395	-0.868	-0.988	-1.0	0.96	0.709	0.0445	-0.655	-0.948	-0.997	-1.0	1	0:02:09.395117
16500	330	330	0.38	0.101	-0.307	-0.727	-0.946	-0.995	-1.0	0.379	-0.386	-0.868	-0.988	-1.0	-1.0	-1.0	1	0:02:09.407277
16600	332	153	0.0199	-0.264	-0.573	-0.843	-0.97	-0.997	-1.0	0.0189	-0.671	-0.952	-0.997	-1.0	-1.0	-1.0	0	0:02:09.467342
16700	334	334	0.973	0.844	0.364	-0.389	-0.867	-0.987	-1.0	0.973	0.775	0.168	-0.569	-0.926	-0.995	-1.0	1	0:02:09.321623
16800	336	336	0.945	0.77	0.252	-0.466	-0.889	-0.99	-1.0	0.945	0.641	-0.0667	-0.721	-0.963	-0.998	-1.0	1	0:02:09.444659
16900	338	617	0.257	0.0536	-0.287	-0.701	-0.938	-0.994	-1.0	0.255	-0.5	-0.906	-0.993	-1.0	-1.0	-1.0	0	0:02:09.620098
17000	340	340	0.988	0.871	0.396	-0.369	-0.861	-0.987	-0.999	0.988	0.87	0.394	-0.372	-0.862	-0.987	-1.0	1	0:02:09.693951
17100	342	287	0.237	-0.103	-0.468	-0.796	-0.96	-0.996	-1.0	0.237	-0.515	-0.911	-0.993	-1.0	-1.0	-1.0	0	0:02:09.519261
17200	344	344	0.976	0.837	0.342	-0.408	-0.872	-0.988	-1.0	0.976	0.791	0.201	-0.544	-0.919	-0.994	-1.0	1	0:02:09.971358
17300	346	344	0.0635	-0.166	-0.462	-0.781	-0.955	-0.996	-1.0	0.0623	-0.643	-0.945	-0.997	-1.0	-1.0	-1.0	0	0:02:09.199161
17400	348	348	0.772	0.55	0.0633	-0.554	-0.907	-0.992	-1.0	0.772	0.163	-0.573	-0.927	-0.995	-1.0	-1.0	1	0:02:09.087211
17500	350	350	0.988	0.871	0.396	-0.369	-0.861	-0.987	-0.999	0.988	0.871	0.396	-0.37	-0.862	-0.987	-1.0	1	0:02:09.186729
17600	352	352	0.919	0.748	0.244	-0.465	-0.888	-0.99	-1.0	0.919	0.544	-0.201	-0.79	-0.976	-0.999	-1.0	1	0:02:09.153601
17700	354	354	0.978	0.839	0.344	-0.407	-0.872	-0.988	-1.0	0.978	0.803	0.228	-0.522	-0.913	-0.993	-1.0	1	0:02:08.943678
17800	356	-1	0.0	0.0	0.0	0.0	0.0	0.0	0.0	0.0	0.0	0.0	0.0	0.0	0.0	0.0	0	0:01:55.304144
17900	358	359	0.0844	-0.104	-0.415	-0.765	-0.953	-0.996	-1.0	0.0813	-0.631	-0.942	-0.996	-1.0	-1.0	-1.0	0	0:02:10.054863
18000	360	360	0.9	0.705	0.195	-0.492	-0.894	-0.99	-1.0	0.9	0.481	-0.278	-0.825	-0.982	-0.999	-1.0	1	0:02:08.988533
18100	362	362	0.984	0.863	0.386	-0.376	-0.863	-0.987	-1.0	0.984	0.842	0.319	-0.445	-0.888	-0.99	-1.0	1	0:02:08.887234
18200	364	364	0.933	0.712	0.157	-0.531	-0.906	-0.992	-1.0	0.933	0.595	-0.132	-0.757	-0.97	-0.998	-1.0	1	0:02:08.932533
18300	366	366	0.423	0.116	-0.288	-0.711	-0.941	-0.995	-1.0	0.423	-0.342	-0.851	-0.985	-0.999	-1.0	-1.0	1	0:02:08.851310
18400	368	368	0.932	0.773	0.284	-0.436	-0.878	-0.989	-1.0	0.932	0.589	-0.141	-0.761	-0.971	-0.999	-1.0	1	0:02:08.684031
18500	370	370	0.903	0.759	0.289	-0.426	-0.875	-0.988	-1.0	0.903	0.49	-0.267	-0.82	-0.981	-0.999	-1.0	1	0:02:08.766144
18600	372	372	0.684	0.351	-0.165	-0.68	-0.938	-0.995	-1.0	0.684	0.00231	-0.681	-0.954	-0.997	-1.0	-1.0	1	0:02:08.986889
18700	374	-1	0.0	0.0	0.0	0.0	0.0	0.0	0.0	0.0	0.0	0.0	0.0	0.0	0.0	0.0	0	0:01:55.053265
18800	376	376	0.895	0.67	0.138	-0.529	-0.904	-0.991	-1.0	0.895	0.467	-0.294	-0.831	-0.983	-0.999	-1.0	1	0:02:09.967356
18900	378	378	0.263	-0.0451	-0.417	-0.774	-0.955	-0.996	-1.0	0.262	-0.494	-0.904	-0.992	-1.0	-1.0	-1.0	1	0:02:09.180001
19000	380	380	0.78	0.553	0.0647	-0.553	-0.907	-0.992	-1.0	0.779	0.178	-0.562	-0.924	-0.994	-1.0	-1.0	1	0:02:08.971831
19100	382	382	0.714	0.54	0.102	-0.517	-0.896	-0.99	-1.0	0.714	0.0527	-0.65	-0.947	-0.997	-1.0	-1.0	1	0:02:09.195730
19200	384	-1	0.0	0.0	0.0	0.0	0.0	0.0	0.0	0.0	0.0	0.0	0.0	0.0	0.0	0.0	0	0:01:55.368815
19300	386	101	0.211	0.0261	-0.307	-0.709	-0.939	-0.994	-1.0	0.208	-0.539	-0.918	-0.994	-1.0	-1.0	-1.0	0	0:02:10.094891
19400	388	388	0.816	0.487	-0.0915	-0.664	-0.937	-0.995	-1.0	0.816	0.257	-0.498	-0.905	-0.992	-1.0	-1.0	1	0:02:09.024908
19500	390	390	0.799	0.555	0.0498	-0.566	-0.911	-0.992	-1.0	0.799	0.219	-0.529	-0.915	-0.994	-1.0	-1.0	1	0:02:08.840986
19600	392	397	0.681	0.369	-0.132	-0.657	-0.932	-0.994	-1.0	0.681	-0.00232	-0.684	-0.955	-0.997	-1.0	-1.0	0	0:02:08.980728
19700	394	-1	0.0	0.0	0.0	0.0	0.0	0.0	0.0	0.0	0.0	0.0	0.0	0.0	0.0	0.0	0	0:01:55.310057
19800	396	396	0.988	0.871	0.396	-0.369	-0.861	-0.987	-0.999	0.988	0.87	0.393	-0.372	-0.863	-0.987	-1.0	1	0:02:10.096100
19900	398	398	0.97	0.833	0.345	-0.403	-0.871	-0.988	-1.0	0.97	0.76	0.139	-0.59	-0.932	-0.995	-1.0	1	0:02:09.136596
20000	400	400	0.11	-0.0923	-0.405	-0.756	-0.95	-0.995	-1.0	0.108	-0.613	-0.938	-0.996	-1.0	-1.0	-1.0	1	0:02:08.788970
20100	402	402	0.2	-0.0869	-0.466	-0.807	-0.965	-0.997	-1.0	0.198	-0.546	-0.92	-0.994	-1.0	-1.0	-1.0	1	0:02:08.849224
20200	404	404	0.94	0.808	0.336	-0.401	-0.869	-0.988	-1.0	0.94	0.622	-0.0938	-0.736	-0.966	-0.998	-1.0	1	0:02:08.668200
20300	406	406	0.758	0.474	-0.0545	-0.63	-0.928	-0.994	-1.0	0.758	0.134	-0.594	-0.933	-0.995	-1.0	-1.0	1	0:02:08.895377
20400	408	847	0.518	0.254	-0.182	-0.668	-0.932	-0.994	-1.0	0.517	-0.234	-0.806	-0.978	-0.999	-1.0	-1.0	0	0:02:09.075007
20500	410	410	0.118	-0.196	-0.527	-0.82	-0.965	-0.997	-1.0	0.118	-0.606	-0.936	-0.996	-1.0	-1.0	-1.0	1	0:02:09.071757
20600	412	412	0.299	0.0245	-0.357	-0.747	-0.95	-0.996	-1.0	0.298	-0.463	-0.894	-0.991	-1.0	-1.0	-1.0	1	0:02:08.907729
20700	414	414	0.47	0.138	-0.315	-0.741	-0.95	-0.996	-1.0	0.47	-0.29	-0.83	-0.982	-0.999	-1.0	-1.0	1	0:02:08.389739
20800	416	416	0.764	0.545	0.067	-0.548	-0.905	-0.991	-1.0	0.764	0.146	-0.585	-0.931	-0.995	-1.0	-1.0	1	0:02:06.951509
20900	418	563	0.894	0.729	0.247	-0.453	-0.882	-0.989	-1.0	0.894	0.462	-0.299	-0.834	-0.983	-0.999	-1.0	0	0:02:06.394010
21000	420	420	0.049	-0.063	-0.329	-0.706	-0.937	-0.994	-1.0	0.045	-0.655	-0.948	-0.997	-1.0	-1.0	-1.0	1	0:02:06.351103
21100	422	422	0.192	-0.0426	-0.382	-0.75	-0.949	-0.995	-1.0	0.19	-0.553	-0.922	-0.994	-1.0	-1.0	-1.0	1	0:02:06.346552
21200	424	-1	0.0	0.0	0.0	0.0	0.0	0.0	0.0	0.0	0.0	0.0	0.0	0.0	0.0	0.0	0	0:01:52.508970
21300	426	426	0.984	0.864	0.387	-0.375	-0.863	-0.987	-1.0	0.984	0.841	0.317	-0.446	-0.889	-0.99	-1.0	1	0:02:06.872338
21400	428	428	0.988	0.871	0.396	-0.37	-0.861	-0.987	-1.0	0.988	0.87	0.393	-0.372	-0.862	-0.987	-1.0	1	0:02:06.229088
21500	430	430	0.544	0.244	-0.209	-0.685	-0.937	-0.994	-1.0	0.544	-0.201	-0.791	-0.976	-0.999	-1.0	-1.0	1	0:02:06.368804
21600	432	432	0.983	0.861	0.383	-0.378	-0.864	-0.987	-1.0	0.983	0.836	0.304	-0.458	-0.893	-0.991	-1.0	1	0:02:06.446059
21700	434	-1	0.0	0.0	0.0	0.0	0.0	0.0	0.0	0.0	0.0	0.0	0.0	0.0	0.0	0.0	0	0:01:52.480646
21800	436	436	0.92	0.768	0.288	-0.43	-0.877	-0.988	-1.0	0.92	0.547	-0.197	-0.789	-0.976	-0.999	-1.0	1	0:02:07.056499
21900	438	438	0.241	-0.0303	-0.392	-0.759	-0.951	-0.996	-1.0	0.24	-0.513	-0.91	-0.993	-1.0	-1.0	-1.0	1	0:02:06.265312
22000	440	737	0.0561	-0.181	-0.495	-0.806	-0.962	-0.997	-1.0	0.0544	-0.649	-0.947	-0.997	-1.0	-1.0	-1.0	0	0:02:06.213108
22100	442	442	0.586	0.385	-0.0333	-0.584	-0.911	-0.992	-1.0	0.586	-0.146	-0.764	-0.971	-0.999	-1.0	-1.0	1	0:02:06.241443
22200	444	-1	0.0	0.0	0.0	0.0	0.0	0.0	0.0	0.0	0.0	0.0	0.0	0.0	0.0	0.0	0	0:01:52.525106
22300	446	446	0.91	0.722	0.215	-0.478	-0.89	-0.99	-1.0	0.91	0.512	-0.24	-0.808	-0.979	-0.999	-1.0	1	0:02:06.939938
22400	448	448	0.56	0.27	-0.186	-0.674	-0.934	-0.994	-1.0	0.56	-0.181	-0.781	-0.974	-0.999	-1.0	-1.0	1	0:02:06.313441
22500	450	407	0.148	-0.14	-0.488	-0.808	-0.963	-0.997	-1.0	0.146	-0.585	-0.931	-0.995	-1.0	-1.0	-1.0	0	0:02:06.191638
22600	452	452	0.91	0.715	0.205	-0.485	-0.892	-0.99	-1.0	0.91	0.513	-0.24	-0.808	-0.979	-0.999	-1.0	1	0:02:06.259079
22700	454	454	0.815	0.614	0.128	-0.519	-0.899	-0.991	-1.0	0.815	0.255	-0.5	-0.906	-0.993	-1.0	-1.0	1	0:02:06.141229
22800	456	-1	0.0	0.0	0.0	0.0	0.0	0.0	0.0	0.0	0.0	0.0	0.0	0.0	0.0	0.0	0	0:01:52.411447
22900	458	458	0.938	0.763	0.253	-0.461	-0.886	-0.99	-1.0	0.938	0.613	-0.108	-0.744	-0.967	-0.998	-1.0	1	0:02:07.364057
23000	460	978	0.0634	-0.146	-0.456	-0.783	-0.956	-0.996	-1.0	0.0604	-0.645	-0.946	-0.997	-1.0	-1.0	-1.0	0	0:02:06.320029
23100	462	462	0.982	0.856	0.374	-0.385	-0.866	-0.987	-1.0	0.982	0.826	0.28	-0.479	-0.899	-0.992	-1.0	1	0:02:06.385328
23200	464	439	0.454	0.183	-0.226	-0.682	-0.934	-0.994	-1.0	0.454	-0.308	-0.837	-0.983	-0.999	-1.0	-1.0	0	0:02:06.259572
23300	466	466	0.845	0.659	0.181	-0.487	-0.89	-0.99	-1.0	0.844	0.326	-0.438	-0.886	-0.99	-1.0	-1.0	1	0:02:06.116387
23400	468	468	0.864	0.685	0.202	-0.477	-0.888	-0.99	-1.0	0.864	0.377	-0.389	-0.869	-0.988	-1.0	-1.0	1	0:02:06.266268
23500	470	624	0.0158	-0.181	-0.472	-0.787	-0.957	-0.996	-1.0	0.0125	-0.675	-0.953	-0.997	-1.0	-1.0	-1.0	0	0:02:06.003766
23600	472	472	0.967	0.842	0.367	-0.386	-0.865	-0.987	-1.0	0.967	0.745	0.11	-0.611	-0.937	-0.996	-1.0	1	0:02:06.204568
23700	474	841	0.0934	-0.131	-0.449	-0.781	-0.956	-0.996	-1.0	0.0911	-0.624	-0.941	-0.996	-1.0	-1.0	-1.0	0	0:02:06.059374
23800	476	476	0.943	0.767	0.255	-0.46	-0.886	-0.99	-1.0	0.943	0.635	-0.0754	-0.726	-0.964	-0.998	-1.0	1	0:02:06.294204
23900	478	478	0.394	0.101	-0.306	-0.723	-0.944	-0.995	-1.0	0.393	-0.373	-0.863	-0.987	-1.0	-1.0	-1.0	1	0:02:06.040047
24000	480	509	0.235	0.0613	-0.268	-0.687	-0.934	-0.994	-1.0	0.232	-0.519	-0.912	-0.993	-1.0	-1.0	-1.0	0	0:02:05.972864
24100	482	481	0.12	-0.0579	-0.359	-0.729	-0.943	-0.995	-1.0	0.117	-0.606	-0.936	-0.996	-1.0	-1.0	-1.0	0	0:02:06.100123
24200	484	871	0.574	0.362	-0.0613	-0.601	-0.916	-0.992	-1.0	0.574	-0.162	-0.772	-0.973	-0.999	-1.0	-1.0	0	0:02:06.213378
24300	486	486	0.0554	-0.133	-0.425	-0.761	-0.95	-0.995	-1.0	0.0523	-0.65	-0.947	-0.997	-1.0	-1.0	-1.0	1	0:02:06.140116
24400	488	488	0.637	0.294	-0.226	-0.715	-0.947	-0.996	-1.0	0.637	-0.0718	-0.724	-0.963	-0.998	-1.0	-1.0	1	0:02:06.337666
24500	490	490	0.6	0.297	-0.158	-0.656	-0.929	-0.994	-1.0	0.6	-0.126	-0.754	-0.969	-0.998	-1.0	-1.0	1	0:02:06.344189
24600	492	492	0.78	0.547	0.0566	-0.557	-0.908	-0.992	-1.0	0.78	0.179	-0.561	-0.924	-0.994	-1.0	-1.0	1	0:02:06.072637
24700	494	398	0.872	0.676	0.18	-0.494	-0.893	-0.99	-1.0	0.872	0.397	-0.368	-0.861	-0.987	-0.999	-1.0	0	0:02:06.138742
24800	496	496	0.191	-0.172	-0.542	-0.836	-0.969	-0.997	-1.0	0.191	-0.552	-0.921	-0.994	-1.0	-1.0	-1.0	1	0:02:06.095332
24900	498	498	0.982	0.862	0.387	-0.375	-0.863	-0.987	-1.0	0.982	0.829	0.289	-0.471	-0.897	-0.991	-1.0	1	0:02:06.228321
25000	500	500	0.986	0.867	0.39	-0.373	-0.862	-0.987	-1.0	0.986	0.855	0.353	-0.413	-0.877	-0.989	-1.0	1	0:02:06.293294
25100	502	502	0.896	0.702	0.193	-0.492	-0.893	-0.99	-1.0	0.896	0.469	-0.291	-0.83	-0.982	-0.999	-1.0	1	0:02:06.354799
25200	504	504	0.0374	-0.173	-0.467	-0.784	-0.956	-0.996	-1.0	0.0351	-0.661	-0.95	-0.997	-1.0	-1.0	-1.0	1	0:02:06.208933
25300	506	506	0.693	0.415	-0.0735	-0.624	-0.923	-0.993	-1.0	0.693	0.0173	-0.672	-0.952	-0.997	-1.0	-1.0	1	0:02:06.243816
25400	508	508	0.791	0.643	0.198	-0.468	-0.884	-0.989	-1.0	0.791	0.202	-0.543	-0.919	-0.994	-1.0	-1.0	1	0:02:06.186147
25500	510	510	0.94	0.784	0.292	-0.432	-0.878	-0.989	-1.0	0.94	0.623	-0.0931	-0.736	-0.966	-0.998	-1.0	1	0:02:06.264313
25600	512	740	0.0757	-0.0617	-0.346	-0.72	-0.941	-0.995	-1.0	0.0722	-0.637	-0.944	-0.996	-1.0	-1.0	-1.0	0	0:02:06.014609
25700	514	514	0.984	0.86	0.379	-0.381	-0.865	-0.987	-1.0	0.984	0.839	0.313	-0.449	-0.89	-0.991	-1.0	1	0:02:06.118890
25800	516	431	0.00695	-0.152	-0.43	-0.764	-0.952	-0.996	-1.0	0.00343	-0.681	-0.954	-0.997	-1.0	-1.0	-1.0	0	0:02:06.138902
25900	518	518	0.971	0.845	0.368	-0.385	-0.865	-0.987	-1.0	0.971	0.763	0.146	-0.586	-0.931	-0.995	-1.0	1	0:02:06.212736
26000	520	520	0.881	0.717	0.239	-0.456	-0.883	-0.989	-1.0	0.881	0.424	-0.34	-0.85	-0.985	-0.999	-1.0	1	0:02:06.087633
26100	522	522	0.951	0.805	0.318	-0.416	-0.874	-0.988	-1.0	0.951	0.669	-0.0217	-0.696	-0.957	-0.998	-1.0	1	0:02:06.177759
26200	524	461	0.321	0.142	-0.209	-0.661	-0.928	-0.993	-1.0	0.319	-0.445	-0.888	-0.99	-1.0	-1.0	-1.0	0	0:02:06.172350
26300	526	526	0.00905	-0.132	-0.4	-0.743	-0.945	-0.995	-1.0	0.00489	-0.68	-0.954	-0.997	-1.0	-1.0	-1.0	1	0:02:06.118690
26400	528	-1	0.0	0.0	0.0	0.0	0.0	0.0	0.0	0.0	0.0	0.0	0.0	0.0	0.0	0.0	0	0:01:52.379863
26500	530	531	0.72	0.535	0.0862	-0.529	-0.9	-0.991	-1.0	0.719	0.0625	-0.643	-0.945	-0.997	-1.0	-1.0	0	0:02:06.955691
26600	532	532	0.232	-0.192	-0.587	-0.86	-0.974	-0.998	-1.0	0.232	-0.519	-0.912	-0.993	-1.0	-1.0	-1.0	1	0:02:06.312065
26700	534	-1	0.0	0.0	0.0	0.0	0.0	0.0	0.0	0.0	0.0	0.0	0.0	0.0	0.0	0.0	0	0:01:52.583926
26800	536	403	0.87	0.63	0.0985	-0.549	-0.908	-0.992	-1.0	0.87	0.393	-0.373	-0.863	-0.987	-1.0	-1.0	0	0:02:06.888030
26900	538	538	0.965	0.845	0.373	-0.381	-0.864	-0.987	-1.0	0.965	0.734	0.089	-0.626	-0.941	-0.996	-1.0	1	0:02:06.217432
27000	540	540	0.986	0.866	0.39	-0.374	-0.863	-0.987	-1.0	0.986	0.854	0.351	-0.414	-0.878	-0.989	-1.0	1	0:02:06.350767
27100	542	477	0.0177	-0.306	-0.625	-0.868	-0.975	-0.998	-1.0	0.0163	-0.673	-0.952	-0.997	-1.0	-1.0	-1.0	0	0:02:06.271348
27200	544	926	0.331	0.063	-0.318	-0.724	-0.944	-0.995	-1.0	0.33	-0.434	-0.884	-0.99	-1.0	-1.0	-1.0	0	0:02:06.131971
27300	546	546	0.901	0.675	0.13	-0.54	-0.908	-0.992	-1.0	0.901	0.484	-0.274	-0.823	-0.981	-0.999	-1.0	1	0:02:06.169501
27400	548	548	0.932	0.753	0.24	-0.47	-0.889	-0.99	-1.0	0.932	0.591	-0.139	-0.76	-0.97	-0.999	-1.0	1	0:02:06.264072
27500	550	505	0.206	-0.0475	-0.398	-0.76	-0.951	-0.996	-1.0	0.205	-0.541	-0.918	-0.994	-1.0	-1.0	-1.0	0	0:02:06.302857
27600	552	552	0.988	0.871	0.396	-0.369	-0.861	-0.987	-0.999	0.988	0.871	0.394	-0.372	-0.862	-0.987	-1.0	1	0:02:06.179282
27700	554	554	0.872	0.637	0.108	-0.543	-0.906	-0.992	-1.0	0.872	0.398	-0.367	-0.861	-0.987	-0.999	-1.0	1	0:02:06.077214
27800	556	421	0.0426	-0.177	-0.476	-0.79	-0.957	-0.996	-1.0	0.0403	-0.658	-0.949	-0.997	-1.0	-1.0	-1.0	0	0:02:06.321900
27900	558	251	0.444	-0.0376	-0.519	-0.845	-0.973	-0.998	-1.0	0.444	-0.319	-0.842	-0.984	-0.999	-1.0	-1.0	0	0:02:06.435298
28000	560	768	0.261	-0.042	-0.425	-0.782	-0.958	-0.996	-1.0	0.26	-0.496	-0.905	-0.992	-1.0	-1.0	-1.0	0	0:02:06.325986
28100	562	562	0.988	0.87	0.395	-0.37	-0.861	-0.987	-1.0	0.988	0.868	0.387	-0.379	-0.865	-0.987	-1.0	1	0:02:06.199970
28200	564	564	0.234	-0.103	-0.484	-0.81	-0.964	-0.997	-1.0	0.234	-0.518	-0.911	-0.993	-1.0	-1.0	-1.0	1	0:02:06.102125
28300	566	566	0.818	0.606	0.111	-0.532	-0.902	-0.991	-1.0	0.818	0.263	-0.493	-0.904	-0.992	-1.0	-1.0	1	0:02:06.109909
28400	568	399	0.204	-0.175	-0.567	-0.855	-0.974	-0.998	-1.0	0.204	-0.542	-0.918	-0.994	-1.0	-1.0	-1.0	0	0:02:06.241259
28500	570	-1	0.0	0.0	0.0	0.0	0.0	0.0	0.0	0.0	0.0	0.0	0.0	0.0	0.0	0.0	0	0:01:52.442720
28600	572	418	0.0903	-0.147	-0.463	-0.788	-0.957	-0.996	-1.0	0.0883	-0.626	-0.941	-0.996	-1.0	-1.0	-1.0	0	0:02:07.036675
28700	574	574	0.982	0.862	0.387	-0.374	-0.863	-0.987	-1.0	0.982	0.828	0.285	-0.475	-0.898	-0.992	-1.0	1	0:02:06.308882
28800	576	-1	0.0	0.0	0.0	0.0	0.0	0.0	0.0	0.0	0.0	0.0	0.0	0.0	0.0	0.0	0	0:01:52.529643
28900	578	578	0.365	0.123	-0.268	-0.702	-0.939	-0.995	-1.0	0.363	-0.402	-0.873	-0.989	-1.0	-1.0	-1.0	1	0:02:06.976861
29000	580	738	0.936	0.788	0.304	-0.423	-0.875	-0.988	-1.0	0.936	0.607	-0.116	-0.748	-0.968	-0.998	-1.0	0	0:02:06.365921
29100	582	-1	0.0	0.0	0.0	0.0	0.0	0.0	0.0	0.0	0.0	0.0	0.0	0.0	0.0	0.0	0	0:01:52.481182
29200	584	754	0.0222	-0.14	-0.431	-0.768	-0.953	-0.996	-1.0	0.0182	-0.672	-0.952	-0.997	-1.0	-1.0	-1.0	0	0:02:06.836622
29300	586	586	0.903	0.727	0.231	-0.467	-0.887	-0.99	-1.0	0.903	0.491	-0.265	-0.819	-0.981	-0.999	-1.0	1	0:02:06.311702
29400	588	588	0.644	0.379	-0.0875	-0.625	-0.923	-0.993	-1.0	0.644	-0.0618	-0.719	-0.962	-0.998	-1.0	-1.0	1	0:02:06.242704
29500	590	590	0.419	0.22	-0.165	-0.647	-0.926	-0.993	-1.0	0.417	-0.348	-0.853	-0.986	-0.999	-1.0	-1.0	1	0:02:06.327059
29600	592	592	0.9	0.726	0.234	-0.463	-0.885	-0.989	-1.0	0.9	0.48	-0.278	-0.825	-0.982	-0.999	-1.0	1	0:02:06.129762
29700	594	843	0.487	0.13	-0.34	-0.759	-0.955	-0.996	-1.0	0.486	-0.271	-0.822	-0.981	-0.999	-1.0	-1.0	0	0:02:06.217108
29800	596	56	0.0283	-0.148	-0.433	-0.767	-0.952	-0.996	-1.0	0.026	-0.667	-0.951	-0.997	-1.0	-1.0	-1.0	0	0:02:06.374385
29900	598	664	0.164	0.037	-0.26	-0.676	-0.93	-0.994	-1.0	0.16	-0.575	-0.928	-0.995	-1.0	-1.0	-1.0	0	0:02:06.140339
30000	600	517	0.257	-0.0923	-0.485	-0.812	-0.964	-0.997	-1.0	0.257	-0.499	-0.906	-0.992	-1.0	-1.0	-1.0	0	0:02:06.277678
30100	602	602	0.949	0.825	0.355	-0.391	-0.866	-0.987	-1.0	0.949	0.66	-0.0366	-0.704	-0.959	-0.998	-1.0	1	0:02:06.253765
30200	604	604	0.543	0.163	-0.288	-0.715	-0.941	-0.995	-1.0	0.543	-0.202	-0.791	-0.976	-0.999	-1.0	-1.0	1	0:02:06.285833
30300	606	606	0.988	0.871	0.396	-0.37	-0.861	-0.987	-1.0	0.988	0.87	0.392	-0.374	-0.863	-0.987	-1.0	1	0:02:06.246668
30400	608	608	0.284	0.0712	-0.29	-0.708	-0.94	-0.995	-1.0	0.282	-0.477	-0.899	-0.992	-1.0	-1.0	-1.0	1	0:02:06.254767
30500	610	800	0.141	-0.125	-0.451	-0.78	-0.955	-0.996	-1.0	0.14	-0.59	-0.932	-0.995	-1.0	-1.0	-1.0	0	0:02:06.294224
30600	612	612	0.986	0.866	0.389	-0.375	-0.863	-0.987	-1.0	0.986	0.858	0.36	-0.405	-0.874	-0.989	-1.0	1	0:02:06.129918
30700	614	614	0.831	0.578	0.0604	-0.562	-0.91	-0.992	-1.0	0.831	0.293	-0.467	-0.896	-0.991	-1.0	-1.0	1	0:02:06.301485
30800	616	534	0.0687	-0.106	-0.395	-0.746	-0.947	-0.995	-1.0	0.0665	-0.641	-0.945	-0.996	-1.0	-1.0	-1.0	0	0:02:06.291429
30900	618	-1	0.0	0.0	0.0	0.0	0.0	0.0	0.0	0.0	0.0	0.0	0.0	0.0	0.0	0.0	0	0:01:52.453666
31000	620	681	0.0424	-0.16	-0.473	-0.796	-0.96	-0.997	-1.0	0.039	-0.658	-0.949	-0.997	-1.0	-1.0	-1.0	0	0:02:07.009454
31100	622	622	0.988	0.871	0.396	-0.369	-0.861	-0.987	-0.999	0.988	0.871	0.395	-0.37	-0.862	-0.987	-1.0	1	0:02:06.254009
31200	624	453	0.428	0.236	-0.141	-0.63	-0.921	-0.993	-1.0	0.427	-0.338	-0.849	-0.985	-0.999	-1.0	-1.0	0	0:02:06.231688
31300	626	542	0.0288	-0.111	-0.392	-0.745	-0.947	-0.995	-1.0	0.0248	-0.667	-0.951	-0.997	-1.0	-1.0	-1.0	0	0:02:06.087115
31400	628	-1	0.0	0.0	0.0	0.0	0.0	0.0	0.0	0.0	0.0	0.0	0.0	0.0	0.0	0.0	0	0:01:52.469904
31500	630	703	0.723	0.448	-0.05	-0.615	-0.922	-0.993	-1.0	0.723	0.0692	-0.639	-0.944	-0.996	-1.0	-1.0	0	0:02:06.903492
31600	632	632	0.796	0.594	0.113	-0.526	-0.9	-0.991	-1.0	0.796	0.213	-0.535	-0.916	-0.994	-1.0	-1.0	1	0:02:06.229434
31700	634	489	0.911	0.743	0.253	-0.452	-0.882	-0.989	-1.0	0.911	0.516	-0.236	-0.806	-0.979	-0.999	-1.0	0	0:02:06.298618
31800	636	636	0.335	0.144	-0.215	-0.666	-0.93	-0.994	-1.0	0.333	-0.431	-0.884	-0.99	-1.0	-1.0	-1.0	1	0:02:06.448228
31900	638	638	0.417	0.272	-0.0964	-0.608	-0.916	-0.992	-1.0	0.414	-0.351	-0.854	-0.986	-0.999	-1.0	-1.0	1	0:02:06.242829
32000	640	640	0.988	0.871	0.397	-0.369	-0.861	-0.987	-0.999	0.988	0.871	0.396	-0.37	-0.861	-0.987	-1.0	1	0:02:06.367142
32100	642	642	0.979	0.854	0.376	-0.382	-0.865	-0.987	-1.0	0.979	0.81	0.244	-0.509	-0.909	-0.993	-1.0	1	0:02:06.199756
32200	644	644	0.955	0.82	0.341	-0.4	-0.869	-0.988	-1.0	0.955	0.686	0.0058	-0.679	-0.954	-0.997	-1.0	1	0:02:06.272019
32300	646	646	0.915	0.775	0.306	-0.417	-0.873	-0.988	-1.0	0.915	0.529	-0.22	-0.799	-0.977	-0.999	-1.0	1	0:02:06.341594
32400	648	-1	0.0	0.0	0.0	0.0	0.0	0.0	0.0	0.0	0.0	0.0	0.0	0.0	0.0	0.0	0	0:01:52.586724
32500	650	546	0.00538	-0.132	-0.412	-0.756	-0.95	-0.996	-1.0	0.0011	-0.682	-0.954	-0.997	-1.0	-1.0	-1.0	0	0:02:07.073956
32600	652	652	0.654	0.345	-0.152	-0.668	-0.935	-0.994	-1.0	0.654	-0.0454	-0.709	-0.96	-0.998	-1.0	-1.0	1	0:02:06.209968
32700	654	436	0.056	-0.123	-0.409	-0.75	-0.947	-0.995	-1.0	0.053	-0.649	-0.947	-0.997	-1.0	-1.0	-1.0	0	0:02:06.342561
32800	656	-1	0.0	0.0	0.0	0.0	0.0	0.0	0.0	0.0	0.0	0.0	0.0	0.0	0.0	0.0	0	0:01:52.563497
32900	658	658	0.919	0.761	0.277	-0.437	-0.878	-0.989	-1.0	0.919	0.543	-0.202	-0.791	-0.976	-0.999	-1.0	1	0:02:07.175971
33000	660	660	0.325	0.0854	-0.287	-0.707	-0.94	-0.995	-1.0	0.323	-0.44	-0.887	-0.99	-1.0	-1.0	-1.0	1	0:02:06.217075
33100	662	662	0.0122	-0.201	-0.494	-0.8	-0.96	-0.996	-1.0	0.00985	-0.677	-0.953	-0.997	-1.0	-1.0	-1.0	1	0:02:06.220677
33200	664	851	0.0293	-0.104	-0.376	-0.732	-0.943	-0.995	-1.0	0.0251	-0.667	-0.951	-0.997	-1.0	-1.0	-1.0	0	0:02:06.292041
33300	666	659	0.301	-0.0404	-0.45	-0.8	-0.962	-0.997	-1.0	0.3	-0.461	-0.893	-0.991	-1.0	-1.0	-1.0	0	0:02:06.215451
33400	668	668	0.00925	-0.159	-0.432	-0.762	-0.95	-0.995	-1.0	0.00674	-0.679	-0.954	-0.997	-1.0	-1.0	-1.0	1	0:02:06.295203
33500	670	670	0.758	0.578	0.124	-0.51	-0.895	-0.99	-1.0	0.757	0.134	-0.594	-0.933	-0.995	-1.0	-1.0	1	0:02:06.330978
33600	672	672	0.591	0.17	-0.343	-0.764	-0.956	-0.996	-1.0	0.591	-0.139	-0.76	-0.97	-0.998	-1.0	-1.0	1	0:02:06.155673
33700	674	674	0.487	0.16	-0.287	-0.724	-0.946	-0.995	-1.0	0.487	-0.271	-0.822	-0.981	-0.999	-1.0	-1.0	1	0:02:06.348639
33800	676	560	0.0474	-0.149	-0.435	-0.766	-0.952	-0.996	-1.0	0.0459	-0.654	-0.948	-0.997	-1.0	-1.0	-1.0	0	0:02:06.247321
33900	678	678	0.988	0.871	0.396	-0.37	-0.861	-0.987	-1.0	0.988	0.87	0.393	-0.373	-0.863	-0.987	-1.0	1	0:02:06.279960
34000	680	-1	0.0	0.0	0.0	0.0	0.0	0.0	0.0	0.0	0.0	0.0	0.0	0.0	0.0	0.0	0	0:01:52.471255
34100	682	682	0.335	0.0206	-0.376	-0.757	-0.952	-0.996	-1.0	0.335	-0.43	-0.883	-0.99	-1.0	-1.0	-1.0	1	0:02:06.878052
34200	684	684	0.846	0.645	0.153	-0.507	-0.896	-0.99	-1.0	0.846	0.33	-0.434	-0.884	-0.99	-1.0	-1.0	1	0:02:06.265503
34300	686	-1	0.0	0.0	0.0	0.0	0.0	0.0	0.0	0.0	0.0	0.0	0.0	0.0	0.0	0.0	0	0:01:52.445143
34400	688	688	0.984	0.865	0.389	-0.373	-0.862	-0.987	-1.0	0.984	0.844	0.324	-0.439	-0.886	-0.99	-1.0	1	0:02:06.944601
34500	690	690	0.0253	-0.188	-0.479	-0.789	-0.957	-0.996	-1.0	0.0226	-0.669	-0.951	-0.997	-1.0	-1.0	-1.0	1	0:02:06.395458
34600	692	-1	0.0	0.0	0.0	0.0	0.0	0.0	0.0	0.0	0.0	0.0	0.0	0.0	0.0	0.0	0	0:01:52.574776
34700	694	694	0.988	0.871	0.396	-0.369	-0.861	-0.987	-0.999	0.988	0.87	0.394	-0.372	-0.862	-0.987	-1.0	1	0:02:07.157448
34800	696	-1	0.0	0.0	0.0	0.0	0.0	0.0	0.0	0.0	0.0	0.0	0.0	0.0	0.0	0.0	0	0:01:52.636025
34900	698	698	0.0381	-0.147	-0.437	-0.768	-0.952	-0.996	-1.0	0.0348	-0.661	-0.95	-0.997	-1.0	-1.0	-1.0	1	0:02:07.040637
35000	700	700	0.297	0.0821	-0.286	-0.709	-0.941	-0.995	-1.0	0.295	-0.466	-0.895	-0.991	-1.0	-1.0	-1.0	1	0:02:06.323435
35100	702	422	0.815	0.591	0.0928	-0.541	-0.904	-0.991	-1.0	0.815	0.255	-0.5	-0.906	-0.993	-1.0	-1.0	0	0:02:06.251192
35200	704	704	0.902	0.669	0.126	-0.54	-0.907	-0.992	-1.0	0.902	0.487	-0.271	-0.822	-0.981	-0.999	-1.0	1	0:02:06.250886
35300	706	536	0.206	-0.0823	-0.447	-0.789	-0.959	-0.996	-1.0	0.205	-0.541	-0.918	-0.994	-1.0	-1.0	-1.0	0	0:02:06.310266
35400	708	682	0.714	0.475	-0.000583	-0.583	-0.913	-0.992	-1.0	0.713	0.0523	-0.65	-0.947	-0.997	-1.0	-1.0	0	0:02:06.154312
35500	710	710	0.334	0.0544	-0.334	-0.735	-0.947	-0.995	-1.0	0.334	-0.43	-0.883	-0.99	-1.0	-1.0	-1.0	1	0:02:06.258451
35600	712	-1	0.0	0.0	0.0	0.0	0.0	0.0	0.0	0.0	0.0	0.0	0.0	0.0	0.0	0.0	0	0:01:52.583264
35700	714	714	0.782	0.475	-0.0635	-0.634	-0.928	-0.994	-1.0	0.782	0.183	-0.558	-0.923	-0.994	-1.0	-1.0	1	0:02:07.075134
35800	716	716	0.753	0.541	0.0724	-0.542	-0.903	-0.991	-1.0	0.752	0.124	-0.601	-0.935	-0.996	-1.0	-1.0	1	0:02:06.336691
35900	718	449	0.201	-0.0657	-0.412	-0.766	-0.953	-0.996	-1.0	0.2	-0.545	-0.919	-0.994	-1.0	-1.0	-1.0	0	0:02:06.179807
36000	720	720	0.339	0.0651	-0.32	-0.726	-0.944	-0.995	-1.0	0.338	-0.426	-0.882	-0.99	-1.0	-1.0	-1.0	1	0:02:06.408988
36100	722	722	0.988	0.871	0.396	-0.369	-0.861	-0.987	-0.999	0.988	0.871	0.395	-0.371	-0.862	-0.987	-1.0	1	0:02:06.418234
36200	724	780	0.915	0.775	0.304	-0.418	-0.873	-0.988	-1.0	0.915	0.531	-0.218	-0.798	-0.977	-0.999	-1.0	0	0:02:06.271367
36300	726	726	0.985	0.864	0.386	-0.377	-0.863	-0.987	-1.0	0.985	0.847	0.333	-0.432	-0.884	-0.99	-1.0	1	0:02:06.294966
36400	728	728	0.0729	-0.228	-0.55	-0.83	-0.967	-0.997	-1.0	0.0719	-0.637	-0.944	-0.996	-1.0	-1.0	-1.0	1	0:02:06.190206
36500	730	856	0.48	0.271	-0.123	-0.624	-0.92	-0.993	-1.0	0.479	-0.28	-0.826	-0.982	-0.999	-1.0	-1.0	0	0:02:06.228971
36600	732	732	0.953	0.821	0.344	-0.398	-0.869	-0.988	-1.0	0.953	0.678	-0.00797	-0.688	-0.956	-0.997	-1.0	1	0:02:06.693640
36700	734	734	0.984	0.865	0.39	-0.373	-0.862	-0.987	-1.0	0.984	0.842	0.32	-0.443	-0.887	-0.99	-1.0	1	0:02:06.941307
36800	736	736	0.988	0.871	0.396	-0.369	-0.861	-0.987	-0.999	0.988	0.871	0.396	-0.37	-0.862	-0.987	-1.0	1	0:02:05.956474
36900	738	738	0.446	0.193	-0.202	-0.664	-0.929	-0.994	-1.0	0.446	-0.317	-0.841	-0.984	-0.999	-1.0	-1.0	1	0:02:06.150903
37000	740	-1	0.0	0.0	0.0	0.0	0.0	0.0	0.0	0.0	0.0	0.0	0.0	0.0	0.0	0.0	0	0:01:52.405341
37100	742	466	0.00924	-0.133	-0.4	-0.745	-0.946	-0.995	-1.0	0.00641	-0.679	-0.954	-0.997	-1.0	-1.0	-1.0	0	0:02:06.903632
37200	744	657	0.279	0.14	-0.186	-0.643	-0.923	-0.993	-1.0	0.276	-0.482	-0.9	-0.992	-1.0	-1.0	-1.0	0	0:02:06.215684
37300	746	746	0.988	0.871	0.397	-0.369	-0.861	-0.987	-0.999	0.988	0.871	0.397	-0.369	-0.861	-0.987	-0.999	1	0:02:06.213741
37400	748	748	0.736	0.555	0.107	-0.518	-0.897	-0.99	-1.0	0.735	0.0921	-0.623	-0.94	-0.996	-1.0	-1.0	1	0:02:06.186940
37500	750	172	0.0131	-0.198	-0.491	-0.797	-0.959	-0.996	-1.0	0.0106	-0.676	-0.953	-0.997	-1.0	-1.0	-1.0	0	0:02:06.263740
37600	752	-1	0.0	0.0	0.0	0.0	0.0	0.0	0.0	0.0	0.0	0.0	0.0	0.0	0.0	0.0	0	0:01:52.447125
37700	754	848	0.116	-0.0297	-0.322	-0.708	-0.938	-0.994	-1.0	0.113	-0.609	-0.937	-0.996	-1.0	-1.0	-1.0	0	0:02:07.034141
37800	756	756	0.956	0.804	0.308	-0.426	-0.877	-0.989	-1.0	0.956	0.691	0.0144	-0.674	-0.953	-0.997	-1.0	1	0:02:06.477512
37900	758	758	0.443	0.175	-0.231	-0.684	-0.935	-0.994	-1.0	0.443	-0.32	-0.842	-0.984	-0.999	-1.0	-1.0	1	0:02:06.361820
38000	760	651	0.229	-0.0448	-0.401	-0.762	-0.952	-0.996	-1.0	0.228	-0.523	-0.913	-0.993	-1.0	-1.0	-1.0	0	0:02:06.175086
38100	762	762	0.29	0.0725	-0.285	-0.703	-0.939	-0.994	-1.0	0.288	-0.472	-0.897	-0.991	-1.0	-1.0	-1.0	1	0:02:06.180777
38200	764	593	0.0182	-0.175	-0.462	-0.781	-0.955	-0.996	-1.0	0.0158	-0.673	-0.952	-0.997	-1.0	-1.0	-1.0	0	0:02:06.230693
38300	766	766	0.948	0.772	0.255	-0.464	-0.888	-0.99	-1.0	0.948	0.653	-0.0481	-0.711	-0.961	-0.998	-1.0	1	0:02:06.263485
38400	768	768	0.575	0.297	-0.167	-0.67	-0.934	-0.994	-1.0	0.575	-0.161	-0.771	-0.972	-0.999	-1.0	-1.0	1	0:02:06.195694
38500	770	770	0.267	-0.0827	-0.474	-0.807	-0.963	-0.997	-1.0	0.267	-0.49	-0.903	-0.992	-1.0	-1.0	-1.0	1	0:02:06.237559
38600	772	772	0.591	0.33	-0.108	-0.626	-0.921	-0.993	-1.0	0.591	-0.138	-0.76	-0.97	-0.998	-1.0	-1.0	1	0:02:06.121577
38700	774	774	0.874	0.684	0.188	-0.49	-0.893	-0.99	-1.0	0.874	0.404	-0.361	-0.858	-0.986	-0.999	-1.0	1	0:02:06.146353
38800	776	683	0.159	-0.0826	-0.417	-0.768	-0.953	-0.996	-1.0	0.157	-0.577	-0.928	-0.995	-1.0	-1.0	-1.0	0	0:02:06.386185
38900	778	707	0.246	-0.021	-0.377	-0.75	-0.949	-0.996	-1.0	0.245	-0.508	-0.909	-0.993	-1.0	-1.0	-1.0	0	0:02:06.177935
39000	780	780	0.0217	-0.146	-0.436	-0.769	-0.952	-0.996	-1.0	0.0174	-0.672	-0.952	-0.997	-1.0	-1.0	-1.0	1	0:02:06.106855
39100	782	664	0.165	0.0324	-0.267	-0.68	-0.931	-0.994	-1.0	0.161	-0.574	-0.928	-0.995	-1.0	-1.0	-1.0	0	0:02:06.120800
39200	784	505	0.0203	-0.168	-0.464	-0.787	-0.957	-0.996	-1.0	0.017	-0.672	-0.952	-0.997	-1.0	-1.0	-1.0	0	0:02:06.315204
39300	786	-1	0.0	0.0	0.0	0.0	0.0	0.0	0.0	0.0	0.0	0.0	0.0	0.0	0.0	0.0	0	0:01:52.543065
39400	788	743	0.0257	-0.0989	-0.369	-0.73	-0.943	-0.995	-1.0	0.022	-0.669	-0.951	-0.997	-1.0	-1.0	-1.0	0	0:02:06.920020
39500	790	791	0.238	-0.0272	-0.389	-0.758	-0.951	-0.996	-1.0	0.237	-0.515	-0.911	-0.993	-1.0	-1.0	-1.0	0	0:02:06.086972
39600	792	795	0.148	-0.0924	-0.424	-0.77	-0.954	-0.996	-1.0	0.146	-0.586	-0.931	-0.995	-1.0	-1.0	-1.0	0	0:02:06.178836
39700	794	794	0.864	0.649	0.138	-0.522	-0.901	-0.991	-1.0	0.864	0.377	-0.389	-0.869	-0.988	-1.0	-1.0	1	0:02:06.221074
39800	796	796	0.985	0.866	0.391	-0.373	-0.862	-0.987	-1.0	0.985	0.85	0.339	-0.425	-0.882	-0.99	-1.0	1	0:02:06.220021
39900	798	798	0.943	0.806	0.33	-0.406	-0.871	-0.988	-1.0	0.943	0.635	-0.0756	-0.726	-0.964	-0.998	-1.0	1	0:02:06.339041
40000	800	800	0.987	0.868	0.393	-0.372	-0.862	-0.987	-1.0	0.987	0.86	0.365	-0.401	-0.873	-0.988	-1.0	1	0:02:06.323843
40100	802	802	0.823	0.556	0.0209	-0.591	-0.918	-0.993	-1.0	0.823	0.274	-0.484	-0.901	-0.992	-1.0	-1.0	1	0:02:06.433238
40200	804	804	0.157	-0.0764	-0.407	-0.761	-0.951	-0.996	-1.0	0.156	-0.578	-0.929	-0.995	-1.0	-1.0	-1.0	1	0:02:06.576988
40300	806	806	0.954	0.816	0.336	-0.404	-0.87	-0.988	-1.0	0.954	0.682	-0.00102	-0.683	-0.955	-0.997	-1.0	1	0:02:06.071877
40400	808	808	0.953	0.811	0.324	-0.414	-0.873	-0.988	-1.0	0.953	0.678	-0.00784	-0.687	-0.956	-0.997	-1.0	1	0:02:06.432550
40500	810	878	0.0899	-0.0369	-0.318	-0.703	-0.936	-0.994	-1.0	0.0859	-0.628	-0.942	-0.996	-1.0	-1.0	-1.0	0	0:02:06.205117
40600	812	812	0.988	0.871	0.397	-0.369	-0.861	-0.987	-0.999	0.988	0.871	0.397	-0.369	-0.861	-0.987	-0.999	1	0:02:06.153836
40700	814	814	0.0873	-0.0934	-0.392	-0.746	-0.947	-0.995	-1.0	0.0846	-0.629	-0.942	-0.996	-1.0	-1.0	-1.0	1	0:02:06.275049
40800	816	816	0.986	0.865	0.387	-0.376	-0.863	-0.987	-1.0	0.986	0.855	0.352	-0.414	-0.877	-0.989	-1.0	1	0:02:06.180266
40900	818	745	0.361	0.136	-0.241	-0.684	-0.934	-0.994	-1.0	0.359	-0.406	-0.875	-0.989	-1.0	-1.0	-1.0	0	0:02:06.189349
41000	820	820	0.25	-0.0273	-0.389	-0.757	-0.951	-0.996	-1.0	0.249	-0.505	-0.907	-0.993	-1.0	-1.0	-1.0	1	0:02:06.021418
41100	822	822	0.949	0.802	0.316	-0.417	-0.874	-0.988	-1.0	0.949	0.658	-0.04	-0.706	-0.96	-0.998	-1.0	1	0:02:06.250921
41200	824	824	0.592	0.342	-0.102	-0.627	-0.923	-0.993	-1.0	0.592	-0.137	-0.759	-0.97	-0.998	-1.0	-1.0	1	0:02:06.317506
41300	826	826	0.259	0.0678	-0.274	-0.693	-0.935	-0.994	-1.0	0.257	-0.499	-0.906	-0.992	-1.0	-1.0	-1.0	1	0:02:06.181806
41400	828	618	0.0361	-0.267	-0.594	-0.857	-0.974	-0.998	-1.0	0.0343	-0.661	-0.95	-0.997	-1.0	-1.0	-1.0	0	0:02:06.238965
41500	830	830	0.156	-0.0722	-0.398	-0.755	-0.95	-0.996	-1.0	0.154	-0.579	-0.929	-0.995	-1.0	-1.0	-1.0	1	0:02:06.515911
41600	832	832	0.543	0.211	-0.259	-0.716	-0.944	-0.995	-1.0	0.543	-0.203	-0.791	-0.976	-0.999	-1.0	-1.0	1	0:02:06.300376
41700	834	417	0.292	0.0332	-0.329	-0.724	-0.943	-0.995	-1.0	0.291	-0.469	-0.896	-0.991	-1.0	-1.0	-1.0	0	0:02:06.311923
41800	836	444	0.314	0.0672	-0.287	-0.7	-0.937	-0.994	-1.0	0.313	-0.45	-0.89	-0.991	-1.0	-1.0	-1.0	0	0:02:06.358666
41900	838	631	0.603	0.403	-0.0228	-0.581	-0.911	-0.992	-1.0	0.602	-0.122	-0.752	-0.969	-0.998	-1.0	-1.0	0	0:02:06.348081
42000	840	840	0.926	0.774	0.292	-0.428	-0.876	-0.988	-1.0	0.925	0.567	-0.171	-0.776	-0.973	-0.999	-1.0	1	0:02:06.222474
42100	842	842	0.112	-0.233	-0.579	-0.85	-0.972	-0.998	-1.0	0.111	-0.61	-0.937	-0.996	-1.0	-1.0	-1.0	1	0:02:06.166659
42200	844	844	0.986	0.867	0.391	-0.373	-0.862	-0.987	-1.0	0.986	0.856	0.356	-0.409	-0.876	-0.989	-1.0	1	0:02:06.089238
42300	846	583	0.284	-0.0841	-0.474	-0.803	-0.962	-0.997	-1.0	0.284	-0.476	-0.898	-0.992	-1.0	-1.0	-1.0	0	0:02:06.116281
42400	848	848	0.114	-0.00914	-0.302	-0.7	-0.936	-0.994	-1.0	0.11	-0.611	-0.937	-0.996	-1.0	-1.0	-1.0	1	0:02:06.210693
42500	850	850	0.666	0.269	-0.28	-0.748	-0.955	-0.996	-1.0	0.666	-0.0276	-0.699	-0.958	-0.998	-1.0	-1.0	1	0:02:06.175356
42600	852	852	0.987	0.869	0.394	-0.371	-0.862	-0.987	-1.0	0.987	0.859	0.363	-0.403	-0.873	-0.989	-1.0	1	0:02:06.087795
42700	854	854	0.468	0.134	-0.3	-0.725	-0.945	-0.995	-1.0	0.468	-0.293	-0.831	-0.982	-0.999	-1.0	-1.0	1	0:02:06.096501
42800	856	856	0.0684	-0.16	-0.466	-0.787	-0.957	-0.996	-1.0	0.0666	-0.641	-0.945	-0.996	-1.0	-1.0	-1.0	1	0:02:06.363954
42900	858	832	0.102	-0.0698	-0.37	-0.737	-0.945	-0.995	-1.0	0.0992	-0.619	-0.939	-0.996	-1.0	-1.0	-1.0	0	0:02:06.176370
43000	860	892	0.361	0.179	-0.182	-0.649	-0.925	-0.993	-1.0	0.359	-0.407	-0.875	-0.989	-1.0	-1.0	-1.0	0	0:02:06.039054
43100	862	862	0.354	-0.0118	-0.433	-0.791	-0.96	-0.997	-1.0	0.353	-0.412	-0.877	-0.989	-1.0	-1.0	-1.0	1	0:02:06.393166
43200	864	864	0.154	-0.247	-0.623	-0.878	-0.979	-0.998	-1.0	0.154	-0.58	-0.929	-0.995	-1.0	-1.0	-1.0	1	0:02:06.364589
43300	866	866	0.21	-0.0823	-0.445	-0.791	-0.96	-0.997	-1.0	0.21	-0.537	-0.917	-0.994	-1.0	-1.0	-1.0	1	0:02:06.243860
43400	868	968	0.0398	-0.0617	-0.326	-0.705	-0.936	-0.994	-1.0	0.035	-0.661	-0.95	-0.997	-1.0	-1.0	-1.0	0	0:02:06.161981
43500	870	870	0.837	0.617	0.117	-0.528	-0.901	-0.991	-1.0	0.837	0.307	-0.455	-0.891	-0.991	-1.0	-1.0	1	0:02:06.342876
43600	872	840	0.131	-0.139	-0.48	-0.802	-0.961	-0.997	-1.0	0.129	-0.598	-0.934	-0.995	-1.0	-1.0	-1.0	0	0:02:06.369926
43700	874	874	0.929	0.783	0.304	-0.421	-0.874	-0.988	-1.0	0.929	0.58	-0.154	-0.768	-0.972	-0.999	-1.0	1	0:02:06.118590
43800	876	648	0.199	0.00377	-0.321	-0.714	-0.94	-0.995	-1.0	0.197	-0.547	-0.92	-0.994	-1.0	-1.0	-1.0	0	0:02:06.082975
43900	878	878	0.778	0.63	0.188	-0.472	-0.885	-0.989	-1.0	0.778	0.175	-0.564	-0.925	-0.995	-1.0	-1.0	1	0:02:06.190063
44000	880	870	0.276	0.0543	-0.31	-0.72	-0.943	-0.995	-1.0	0.274	-0.484	-0.901	-0.992	-1.0	-1.0	-1.0	0	0:02:06.186543
44100	882	882	0.0109	-0.198	-0.48	-0.788	-0.956	-0.996	-1.0	0.00903	-0.677	-0.953	-0.997	-1.0	-1.0	-1.0	1	0:02:06.309510
44200	884	884	0.954	0.82	0.341	-0.401	-0.869	-0.988	-1.0	0.954	0.682	-0.00068	-0.683	-0.955	-0.997	-1.0	1	0:02:06.297065
44300	886	886	0.955	0.819	0.339	-0.402	-0.87	-0.988	-1.0	0.955	0.687	0.00713	-0.678	-0.954	-0.997	-1.0	1	0:02:06.256532
44400	888	718	0.578	0.401	-0.00928	-0.57	-0.908	-0.991	-1.0	0.577	-0.158	-0.77	-0.972	-0.999	-1.0	-1.0	0	0:02:06.298751
44500	890	890	0.862	0.628	0.101	-0.547	-0.908	-0.992	-1.0	0.862	0.371	-0.395	-0.871	-0.988	-1.0	-1.0	1	0:02:06.158973
44600	892	442	0.418	0.153	-0.26	-0.704	-0.94	-0.995	-1.0	0.417	-0.348	-0.853	-0.986	-0.999	-1.0	-1.0	0	0:02:06.131136
44700	894	894	0.982	0.862	0.387	-0.375	-0.863	-0.987	-1.0	0.982	0.827	0.284	-0.476	-0.898	-0.992	-1.0	1	0:02:06.380689
44800	896	896	0.336	0.0257	-0.379	-0.762	-0.953	-0.996	-1.0	0.335	-0.429	-0.883	-0.99	-1.0	-1.0	-1.0	1	0:02:06.244973
44900	898	-1	0.0	0.0	0.0	0.0	0.0	0.0	0.0	0.0	0.0	0.0	0.0	0.0	0.0	0.0	0	0:01:52.431586
45000	900	900	0.988	0.871	0.396	-0.369	-0.861	-0.987	-0.999	0.988	0.871	0.395	-0.37	-0.862	-0.987	-1.0	1	0:02:07.040076
45100	902	902	0.984	0.859	0.378	-0.382	-0.865	-0.987	-1.0	0.984	0.839	0.312	-0.451	-0.89	-0.991	-1.0	1	0:02:06.294674
45200	904	905	0.338	0.143	-0.21	-0.661	-0.928	-0.993	-1.0	0.336	-0.428	-0.882	-0.99	-1.0	-1.0	-1.0	0	0:02:06.300276
45300	906	906	0.965	0.816	0.317	-0.423	-0.877	-0.989	-1.0	0.965	0.732	0.0866	-0.627	-0.941	-0.996	-1.0	1	0:02:06.164140
45400	908	895	0.288	0.0467	-0.321	-0.724	-0.943	-0.995	-1.0	0.286	-0.473	-0.898	-0.992	-1.0	-1.0	-1.0	0	0:02:06.138731
45500	910	910	0.00152	-0.381	-0.706	-0.909	-0.985	-0.999	-1.0	0.000406	-0.682	-0.954	-0.997	-1.0	-1.0	-1.0	1	0:02:06.443310
45600	912	912	0.428	0.1	-0.332	-0.744	-0.95	-0.996	-1.0	0.427	-0.337	-0.849	-0.985	-0.999	-1.0	-1.0	1	0:02:06.300824
45700	914	914	0.927	0.78	0.301	-0.423	-0.875	-0.988	-1.0	0.927	0.573	-0.163	-0.772	-0.973	-0.999	-1.0	1	0:02:06.215115
45800	916	916	0.985	0.867	0.392	-0.372	-0.862	-0.987	-1.0	0.985	0.849	0.337	-0.428	-0.882	-0.99	-1.0	1	0:02:06.201590
45900	918	918	0.988	0.871	0.396	-0.369	-0.861	-0.987	-0.999	0.988	0.871	0.395	-0.371	-0.862	-0.987	-1.0	1	0:02:06.434804
46000	920	672	0.174	-0.021	-0.331	-0.716	-0.94	-0.995	-1.0	0.172	-0.566	-0.925	-0.995	-1.0	-1.0	-1.0	0	0:02:06.356275
46100	922	922	0.956	0.82	0.34	-0.401	-0.87	-0.988	-1.0	0.956	0.69	0.0126	-0.675	-0.953	-0.997	-1.0	1	0:02:06.361662
46200	924	924	0.875	0.606	0.0441	-0.589	-0.919	-0.993	-1.0	0.875	0.408	-0.357	-0.857	-0.986	-0.999	-1.0	1	0:02:06.540475
46300	926	926	0.742	0.533	0.067	-0.544	-0.904	-0.991	-1.0	0.742	0.104	-0.615	-0.938	-0.996	-1.0	-1.0	1	0:02:06.120890
46400	928	927	0.285	-0.0434	-0.441	-0.794	-0.961	-0.997	-1.0	0.284	-0.475	-0.898	-0.992	-1.0	-1.0	-1.0	0	0:02:06.208076
46500	930	964	0.0587	-0.343	-0.687	-0.902	-0.984	-0.999	-1.0	0.058	-0.646	-0.946	-0.997	-1.0	-1.0	-1.0	0	0:02:06.193019
46600	932	932	0.516	0.188	-0.286	-0.734	-0.95	-0.996	-1.0	0.516	-0.236	-0.807	-0.979	-0.999	-1.0	-1.0	1	0:02:06.166300
46700	934	934	0.577	0.148	-0.386	-0.798	-0.965	-0.997	-1.0	0.576	-0.158	-0.77	-0.972	-0.999	-1.0	-1.0	1	0:02:06.289133
46800	936	936	0.957	0.82	0.338	-0.404	-0.87	-0.988	-1.0	0.957	0.696	0.0216	-0.669	-0.952	-0.997	-1.0	1	0:02:06.294253
46900	938	938	0.39	0.105	-0.3	-0.722	-0.944	-0.995	-1.0	0.39	-0.376	-0.864	-0.987	-1.0	-1.0	-1.0	1	0:02:06.266002
47000	940	940	0.3	-0.00279	-0.381	-0.755	-0.951	-0.996	-1.0	0.3	-0.462	-0.894	-0.991	-1.0	-1.0	-1.0	1	0:02:06.197197
47100	942	942	0.977	0.853	0.376	-0.381	-0.864	-0.987	-1.0	0.977	0.799	0.22	-0.529	-0.915	-0.993	-1.0	1	0:02:06.295045
47200	944	946	0.381	0.189	-0.179	-0.649	-0.926	-0.993	-1.0	0.379	-0.386	-0.868	-0.988	-1.0	-1.0	-1.0	0	0:02:06.425135
47300	946	946	0.783	0.616	0.164	-0.488	-0.89	-0.99	-1.0	0.782	0.184	-0.557	-0.923	-0.994	-1.0	-1.0	1	0:02:06.253483
47400	948	948	0.985	0.866	0.391	-0.373	-0.862	-0.987	-1.0	0.985	0.851	0.342	-0.423	-0.881	-0.989	-1.0	1	0:02:06.171208
47500	950	950	0.78	0.527	0.0238	-0.578	-0.913	-0.992	-1.0	0.78	0.179	-0.561	-0.924	-0.994	-1.0	-1.0	1	0:02:06.046502
47600	952	90	0.922	0.762	0.276	-0.438	-0.879	-0.989	-1.0	0.922	0.555	-0.187	-0.784	-0.975	-0.999	-1.0	0	0:02:06.201315
47700	954	-1	0.0	0.0	0.0	0.0	0.0	0.0	0.0	0.0	0.0	0.0	0.0	0.0	0.0	0.0	0	0:01:52.414768
47800	956	956	0.988	0.87	0.394	-0.371	-0.862	-0.987	-1.0	0.988	0.868	0.387	-0.379	-0.865	-0.987	-1.0	1	0:02:06.925797
47900	958	483	0.489	0.233	-0.19	-0.67	-0.933	-0.994	-1.0	0.488	-0.269	-0.821	-0.981	-0.999	-1.0	-1.0	0	0:02:06.246412
48000	960	960	0.737	0.442	-0.0645	-0.622	-0.923	-0.993	-1.0	0.737	0.0954	-0.621	-0.94	-0.996	-1.0	-1.0	1	0:02:06.225590
48100	962	962	0.955	0.808	0.318	-0.418	-0.874	-0.988	-1.0	0.955	0.686	0.00621	-0.679	-0.954	-0.997	-1.0	1	0:02:06.264621
48200	964	961	0.123	-0.115	-0.44	-0.778	-0.956	-0.996	-1.0	0.121	-0.603	-0.935	-0.996	-1.0	-1.0	-1.0	0	0:02:06.302478
48300	966	630	0.317	0.0583	-0.319	-0.725	-0.944	-0.995	-1.0	0.316	-0.447	-0.889	-0.99	-1.0	-1.0	-1.0	0	0:02:06.314368
48400	968	968	0.609	0.428	0.00945	-0.562	-0.906	-0.991	-1.0	0.608	-0.115	-0.748	-0.968	-0.998	-1.0	-1.0	1	0:02:06.365303
48500	970	795	0.949	0.796	0.301	-0.43	-0.878	-0.989	-1.0	0.949	0.661	-0.0356	-0.704	-0.959	-0.998	-1.0	0	0:02:06.301693
48600	972	979	0.725	0.52	0.0602	-0.546	-0.904	-0.991	-1.0	0.724	0.0714	-0.637	-0.944	-0.996	-1.0	-1.0	0	0:02:06.273313
48700	974	974	0.987	0.869	0.393	-0.371	-0.862	-0.987	-1.0	0.987	0.86	0.367	-0.399	-0.872	-0.988	-1.0	1	0:02:06.314082
48800	976	-1	0.0	0.0	0.0	0.0	0.0	0.0	0.0	0.0	0.0	0.0	0.0	0.0	0.0	0.0	0	0:01:52.569361
48900	978	701	0.104	-0.0978	-0.397	-0.749	-0.948	-0.995	-1.0	0.102	-0.616	-0.939	-0.996	-1.0	-1.0	-1.0	0	0:02:06.814833
49000	980	980	0.984	0.863	0.385	-0.376	-0.863	-0.987	-1.0	0.984	0.841	0.316	-0.447	-0.889	-0.99	-1.0	1	0:02:06.277389
49100	982	982	0.929	0.757	0.257	-0.454	-0.883	-0.989	-1.0	0.929	0.579	-0.155	-0.768	-0.972	-0.999	-1.0	1	0:02:06.308130
49200	984	984	0.986	0.868	0.394	-0.371	-0.862	-0.987	-1.0	0.986	0.855	0.352	-0.413	-0.877	-0.989	-1.0	1	0:02:06.217155
49300	986	986	0.987	0.869	0.393	-0.372	-0.862	-0.987	-1.0	0.987	0.864	0.377	-0.389	-0.869	-0.988	-1.0	1	0:02:06.415919
49400	988	988	0.818	0.495	-0.0807	-0.658	-0.936	-0.995	-1.0	0.819	0.263	-0.493	-0.904	-0.992	-1.0	-1.0	1	0:02:06.408512
49500	990	990	0.386	0.0347	-0.403	-0.783	-0.959	-0.997	-1.0	0.386	-0.38	-0.865	-0.987	-1.0	-1.0	-1.0	1	0:02:06.132572
49600	992	992	0.92	0.784	0.313	-0.414	-0.872	-0.988	-1.0	0.92	0.548	-0.196	-0.788	-0.975	-0.999	-1.0	1	0:02:06.197568
49700	994	994	0.984	0.863	0.386	-0.376	-0.863	-0.987	-1.0	0.984	0.844	0.325	-0.438	-0.886	-0.99	-1.0	1	0:02:06.279118
49800	996	996	0.846	0.603	0.078	-0.558	-0.91	-0.992	-1.0	0.846	0.331	-0.433	-0.884	-0.99	-1.0	-1.0	1	0:02:06.264285
49900	998	998	0.213	0.116	-0.183	-0.636	-0.921	-0.993	-1.0	0.209	-0.538	-0.917	-0.994	-1.0	-1.0	-1.0	1	0:02:06.302868
