idx	label	predict	exp_cdf_00	exp_cdf_25	exp_cdf_50	exp_cdf_75	exp_cdf_100	exp_cdf_125	exp_cdf_150	exp_00	exp_25	exp_50	exp_75	exp_100	exp_125	exp_150	correct	time
0	3	3	0.514	0.432	0.346	0.259	0.177	0.108	0.0576	0.513	0.32	0.167	0.0713	0.0246	0.00682	0.00151	1	0:00:37.780354
20	7	7	0.593	0.449	0.31	0.193	0.107	0.053	0.023	0.593	0.396	0.222	0.103	0.0389	0.0118	0.00286	1	0:00:36.771263
40	4	4	0.584	0.434	0.292	0.175	0.093	0.0433	0.0176	0.584	0.387	0.215	0.0989	0.0369	0.0111	0.00265	1	0:00:36.599264
60	7	7	0.936	0.878	0.784	0.65	0.487	0.32	0.18	0.936	0.846	0.699	0.508	0.316	0.164	0.0696	1	0:00:36.974962
80	8	8	0.897	0.833	0.739	0.61	0.457	0.302	0.172	0.897	0.778	0.604	0.407	0.231	0.108	0.0414	1	0:00:37.093627
100	4	-1	0.0	0.0	0.0	0.0	0.0	0.0	0.0	0.0	0.0	0.0	0.0	0.0	0.0	0.0	0	0:00:22.790909
120	8	8	0.564	0.436	0.312	0.204	0.121	0.0643	0.03	0.564	0.367	0.201	0.0903	0.0329	0.00966	0.00226	1	0:00:38.110687
140	6	6	0.568	0.435	0.309	0.202	0.12	0.0644	0.0305	0.568	0.371	0.204	0.0919	0.0337	0.00993	0.00233	1	0:00:38.165395
160	2	2	0.539	0.429	0.322	0.225	0.144	0.083	0.0421	0.539	0.343	0.183	0.0803	0.0285	0.00813	0.00185	1	0:00:37.323897
180	0	0	0.727	0.643	0.542	0.428	0.308	0.197	0.109	0.727	0.541	0.346	0.185	0.0812	0.0289	0.00826	1	0:00:37.333174
200	5	-1	0.0	0.0	0.0	0.0	0.0	0.0	0.0	0.0	0.0	0.0	0.0	0.0	0.0	0.0	0	0:00:22.802428
220	7	7	0.955	0.909	0.828	0.704	0.541	0.365	0.211	0.955	0.885	0.758	0.579	0.382	0.212	0.0967	1	0:00:37.301154
240	1	1	0.992	0.973	0.927	0.833	0.683	0.492	0.303	0.992	0.971	0.919	0.816	0.655	0.46	0.274	1	0:00:37.235786
260	8	-1	0.0	0.0	0.0	0.0	0.0	0.0	0.0	0.0	0.0	0.0	0.0	0.0	0.0	0.0	0	0:00:23.053095
280	9	9	0.859	0.775	0.661	0.521	0.37	0.232	0.125	0.859	0.718	0.531	0.336	0.178	0.0773	0.0272	1	0:00:38.298401
300	6	6	0.74	0.614	0.471	0.33	0.207	0.115	0.0558	0.74	0.557	0.36	0.196	0.0873	0.0316	0.00919	1	0:00:37.245159
320	3	3	0.528	0.449	0.367	0.284	0.203	0.13	0.0728	0.527	0.333	0.176	0.0761	0.0267	0.00751	0.00169	1	0:00:37.076954
340	2	-1	0.0	0.0	0.0	0.0	0.0	0.0	0.0	0.0	0.0	0.0	0.0	0.0	0.0	0.0	0	0:00:22.792614
360	9	9	0.545	0.397	0.263	0.158	0.0853	0.0416	0.0181	0.545	0.349	0.187	0.0826	0.0295	0.00848	0.00194	1	0:00:38.185584
380	6	6	0.512	0.406	0.304	0.213	0.137	0.0794	0.0404	0.512	0.319	0.166	0.0708	0.0244	0.00676	0.00149	1	0:00:38.217019
400	9	9	0.928	0.871	0.779	0.648	0.486	0.32	0.181	0.928	0.832	0.679	0.486	0.296	0.15	0.0622	1	0:00:37.124531
420	4	4	0.668	0.563	0.449	0.334	0.227	0.137	0.0725	0.667	0.473	0.285	0.143	0.0586	0.0194	0.00513	1	0:00:37.259543
440	1	1	0.746	0.609	0.455	0.307	0.184	0.0965	0.044	0.746	0.564	0.367	0.201	0.0903	0.0329	0.00967	1	0:00:37.185464
460	5	5	0.821	0.743	0.642	0.519	0.382	0.25	0.141	0.821	0.663	0.468	0.281	0.14	0.0571	0.0188	1	0:00:37.262763
480	8	9	0.671	0.555	0.431	0.31	0.203	0.118	0.0604	0.671	0.477	0.288	0.145	0.0596	0.0198	0.00527	0	0:00:38.041243
500	4	-1	0.0	0.0	0.0	0.0	0.0	0.0	0.0	0.0	0.0	0.0	0.0	0.0	0.0	0.0	0	0:00:23.085534
520	5	5	0.536	0.446	0.355	0.267	0.185	0.116	0.063	0.535	0.34	0.181	0.079	0.028	0.00794	0.0018	1	0:00:37.783210
540	1	1	0.816	0.703	0.562	0.41	0.267	0.154	0.0762	0.816	0.656	0.46	0.274	0.136	0.0548	0.0179	1	0:00:37.345393
560	0	0	0.963	0.922	0.846	0.724	0.561	0.381	0.221	0.963	0.9	0.783	0.611	0.413	0.236	0.112	1	0:00:37.121792
580	4	4	0.533	0.445	0.354	0.265	0.183	0.113	0.0609	0.532	0.338	0.179	0.078	0.0275	0.00779	0.00176	1	0:00:37.315078
600	8	8	0.866	0.79	0.683	0.548	0.398	0.254	0.14	0.866	0.729	0.544	0.348	0.187	0.0822	0.0294	1	0:00:37.183767
620	7	7	0.55	0.431	0.316	0.216	0.135	0.0758	0.0377	0.55	0.354	0.191	0.0845	0.0304	0.00876	0.00202	1	0:00:37.235634
640	5	3	0.666	0.6	0.522	0.429	0.323	0.217	0.126	0.665	0.471	0.283	0.141	0.0578	0.0191	0.00503	0	0:00:37.230631
660	9	9	0.809	0.716	0.597	0.461	0.322	0.199	0.106	0.809	0.646	0.45	0.266	0.13	0.052	0.0168	1	0:00:37.192421
680	9	-1	0.0	0.0	0.0	0.0	0.0	0.0	0.0	0.0	0.0	0.0	0.0	0.0	0.0	0.0	0	0:00:22.783144
700	7	7	0.786	0.663	0.517	0.366	0.231	0.128	0.0616	0.786	0.615	0.418	0.24	0.114	0.0438	0.0136	1	0:00:38.102430
720	4	-1	0.0	0.0	0.0	0.0	0.0	0.0	0.0	0.0	0.0	0.0	0.0	0.0	0.0	0.0	0	0:00:23.146417
740	2	-1	0.0	0.0	0.0	0.0	0.0	0.0	0.0	0.0	0.0	0.0	0.0	0.0	0.0	0.0	0	0:00:23.260565
760	3	-1	0.0	0.0	0.0	0.0	0.0	0.0	0.0	0.0	0.0	0.0	0.0	0.0	0.0	0.0	0	0:00:22.976789
780	9	9	0.672	0.544	0.409	0.283	0.178	0.0997	0.049	0.672	0.478	0.289	0.146	0.0599	0.0199	0.0053	1	0:00:37.232654
800	7	7	0.992	0.974	0.927	0.833	0.682	0.491	0.302	0.992	0.972	0.922	0.82	0.662	0.467	0.28	1	0:00:37.197846
820	6	-1	0.0	0.0	0.0	0.0	0.0	0.0	0.0	0.0	0.0	0.0	0.0	0.0	0.0	0.0	0	0:00:22.826606
840	7	7	0.991	0.971	0.922	0.825	0.671	0.481	0.294	0.991	0.969	0.913	0.805	0.64	0.444	0.261	1	0:00:37.186458
860	4	4	0.559	0.457	0.352	0.251	0.164	0.0952	0.0485	0.559	0.362	0.197	0.0881	0.032	0.00933	0.00217	1	0:00:38.009773
880	8	8	0.953	0.906	0.824	0.698	0.535	0.359	0.207	0.953	0.879	0.749	0.568	0.371	0.204	0.0919	1	0:00:37.968377
900	2	-1	0.0	0.0	0.0	0.0	0.0	0.0	0.0	0.0	0.0	0.0	0.0	0.0	0.0	0.0	0	0:00:22.907009
920	6	-1	0.0	0.0	0.0	0.0	0.0	0.0	0.0	0.0	0.0	0.0	0.0	0.0	0.0	0.0	0	0:00:22.880559
940	9	9	0.953	0.907	0.825	0.698	0.534	0.359	0.206	0.953	0.88	0.75	0.57	0.373	0.205	0.0927	1	0:00:37.392297
960	9	9	0.816	0.725	0.61	0.477	0.339	0.214	0.116	0.816	0.656	0.461	0.275	0.136	0.0549	0.0179	1	0:00:38.392728
980	2	-1	0.0	0.0	0.0	0.0	0.0	0.0	0.0	0.0	0.0	0.0	0.0	0.0	0.0	0.0	0	0:00:22.997513
1000	5	5	0.918	0.865	0.781	0.66	0.507	0.344	0.2	0.918	0.814	0.652	0.457	0.271	0.134	0.0538	1	0:00:37.234888
1020	1	1	0.963	0.924	0.852	0.735	0.574	0.395	0.232	0.963	0.901	0.784	0.612	0.415	0.237	0.112	1	0:00:37.324012
1040	7	5	0.727	0.636	0.531	0.416	0.298	0.191	0.106	0.727	0.541	0.346	0.185	0.0813	0.029	0.00828	0	0:00:37.268511
1060	9	9	0.964	0.923	0.846	0.723	0.559	0.379	0.219	0.964	0.904	0.79	0.62	0.423	0.244	0.116	1	0:00:37.380610
1080	6	6	0.612	0.499	0.383	0.274	0.179	0.104	0.0532	0.611	0.414	0.237	0.112	0.043	0.0133	0.0033	1	0:00:37.294643
1100	7	-1	0.0	0.0	0.0	0.0	0.0	0.0	0.0	0.0	0.0	0.0	0.0	0.0	0.0	0.0	0	0:00:22.813945
1120	5	-1	0.0	0.0	0.0	0.0	0.0	0.0	0.0	0.0	0.0	0.0	0.0	0.0	0.0	0.0	0	0:00:22.889419
1140	6	6	0.528	0.413	0.303	0.207	0.129	0.0728	0.036	0.527	0.333	0.176	0.0762	0.0267	0.00752	0.00169	1	0:00:37.414982
1160	8	8	0.524	0.391	0.271	0.174	0.103	0.0553	0.0264	0.524	0.33	0.174	0.075	0.0262	0.00735	0.00164	1	0:00:37.202385
1180	3	3	0.661	0.588	0.503	0.404	0.298	0.195	0.111	0.66	0.465	0.278	0.138	0.0562	0.0184	0.00483	1	0:00:37.202243
1200	8	8	0.721	0.592	0.451	0.314	0.197	0.11	0.0533	0.721	0.534	0.339	0.18	0.0786	0.0278	0.00788	1	0:00:37.073828
1220	9	-1	0.0	0.0	0.0	0.0	0.0	0.0	0.0	0.0	0.0	0.0	0.0	0.0	0.0	0.0	0	0:00:22.819796
1240	2	6	0.719	0.629	0.525	0.41	0.293	0.187	0.103	0.719	0.532	0.337	0.179	0.0779	0.0275	0.00777	0	0:00:37.443625
1260	1	9	0.701	0.576	0.438	0.302	0.187	0.102	0.0484	0.701	0.511	0.318	0.166	0.0705	0.0243	0.00672	0	0:00:37.154770
1280	3	-1	0.0	0.0	0.0	0.0	0.0	0.0	0.0	0.0	0.0	0.0	0.0	0.0	0.0	0.0	0	0:00:22.808608
1300	4	3	0.517	0.421	0.325	0.235	0.156	0.0935	0.049	0.517	0.324	0.169	0.0725	0.0251	0.00699	0.00155	0	0:00:37.312221
1320	7	-1	0.0	0.0	0.0	0.0	0.0	0.0	0.0	0.0	0.0	0.0	0.0	0.0	0.0	0.0	0	0:00:22.801697
1340	1	1	0.942	0.891	0.805	0.679	0.518	0.347	0.2	0.942	0.859	0.717	0.53	0.335	0.177	0.0771	1	0:00:37.416684
1360	7	7	0.756	0.659	0.544	0.419	0.294	0.184	0.0998	0.756	0.576	0.379	0.21	0.0955	0.0353	0.0105	1	0:00:37.287777
1380	4	-1	0.0	0.0	0.0	0.0	0.0	0.0	0.0	0.0	0.0	0.0	0.0	0.0	0.0	0.0	0	0:00:22.854692
1400	5	-1	0.0	0.0	0.0	0.0	0.0	0.0	0.0	0.0	0.0	0.0	0.0	0.0	0.0	0.0	0	0:00:22.875810
1420	4	-1	0.0	0.0	0.0	0.0	0.0	0.0	0.0	0.0	0.0	0.0	0.0	0.0	0.0	0.0	0	0:00:22.921137
1440	0	-1	0.0	0.0	0.0	0.0	0.0	0.0	0.0	0.0	0.0	0.0	0.0	0.0	0.0	0.0	0	0:00:22.962878
1460	6	6	0.791	0.696	0.578	0.446	0.312	0.194	0.104	0.791	0.622	0.425	0.245	0.117	0.0455	0.0142	1	0:00:37.666411
1480	1	1	0.533	0.4	0.276	0.173	0.0973	0.0486	0.0212	0.533	0.338	0.179	0.0781	0.0276	0.00781	0.00176	1	0:00:37.281213
1500	1	1	0.896	0.817	0.703	0.558	0.398	0.249	0.134	0.896	0.776	0.602	0.404	0.229	0.107	0.0407	1	0:00:37.411006
1520	7	7	0.721	0.621	0.506	0.384	0.265	0.163	0.0867	0.721	0.534	0.339	0.18	0.0785	0.0277	0.00786	1	0:00:37.291161
1540	8	8	0.936	0.884	0.797	0.67	0.51	0.341	0.195	0.936	0.847	0.699	0.509	0.317	0.164	0.0698	1	0:00:37.396417
1560	7	7	0.994	0.978	0.935	0.845	0.698	0.507	0.315	0.994	0.978	0.935	0.844	0.696	0.505	0.313	1	0:00:37.273455
1580	6	-1	0.0	0.0	0.0	0.0	0.0	0.0	0.0	0.0	0.0	0.0	0.0	0.0	0.0	0.0	0	0:00:22.777800
1600	8	-1	0.0	0.0	0.0	0.0	0.0	0.0	0.0	0.0	0.0	0.0	0.0	0.0	0.0	0.0	0	0:00:22.921074
1620	5	-1	0.0	0.0	0.0	0.0	0.0	0.0	0.0	0.0	0.0	0.0	0.0	0.0	0.0	0.0	0	0:00:22.962641
1640	7	-1	0.0	0.0	0.0	0.0	0.0	0.0	0.0	0.0	0.0	0.0	0.0	0.0	0.0	0.0	0	0:00:22.904325
1660	3	-1	0.0	0.0	0.0	0.0	0.0	0.0	0.0	0.0	0.0	0.0	0.0	0.0	0.0	0.0	0	0:00:22.999179
1680	6	6	0.731	0.627	0.51	0.387	0.269	0.167	0.09	0.731	0.546	0.35	0.188	0.083	0.0297	0.00853	1	0:00:37.157073
1700	5	-1	0.0	0.0	0.0	0.0	0.0	0.0	0.0	0.0	0.0	0.0	0.0	0.0	0.0	0.0	0	0:00:22.845122
1720	4	-1	0.0	0.0	0.0	0.0	0.0	0.0	0.0	0.0	0.0	0.0	0.0	0.0	0.0	0.0	0	0:00:22.888136
1740	1	1	0.702	0.586	0.457	0.329	0.214	0.124	0.0625	0.702	0.512	0.32	0.166	0.0709	0.0245	0.00678	1	0:00:37.199970
1760	0	0	0.703	0.585	0.458	0.332	0.22	0.131	0.0678	0.703	0.513	0.32	0.166	0.071	0.0245	0.00679	1	0:00:37.090116
1780	7	7	0.651	0.546	0.432	0.319	0.215	0.129	0.0679	0.651	0.456	0.27	0.133	0.0535	0.0174	0.00451	1	0:00:37.182162
1800	4	-1	0.0	0.0	0.0	0.0	0.0	0.0	0.0	0.0	0.0	0.0	0.0	0.0	0.0	0.0	0	0:00:22.768683
1820	8	8	0.695	0.562	0.419	0.284	0.172	0.0926	0.0434	0.695	0.504	0.312	0.161	0.0681	0.0233	0.00638	1	0:00:37.405814
1840	8	-1	0.0	0.0	0.0	0.0	0.0	0.0	0.0	0.0	0.0	0.0	0.0	0.0	0.0	0.0	0	0:00:22.865116
1860	8	8	0.891	0.815	0.704	0.563	0.406	0.258	0.141	0.891	0.768	0.592	0.394	0.221	0.102	0.0385	1	0:00:37.455007
1880	1	1	0.92	0.846	0.733	0.583	0.415	0.259	0.138	0.92	0.817	0.657	0.462	0.276	0.137	0.0554	1	0:00:37.402229
1900	8	8	0.988	0.966	0.914	0.813	0.659	0.469	0.285	0.988	0.96	0.893	0.772	0.597	0.399	0.225	1	0:00:37.317047
1920	2	2	0.855	0.772	0.66	0.523	0.376	0.239	0.131	0.855	0.711	0.522	0.329	0.173	0.0744	0.026	1	0:00:37.387582
1940	5	-1	0.0	0.0	0.0	0.0	0.0	0.0	0.0	0.0	0.0	0.0	0.0	0.0	0.0	0.0	0	0:00:22.842641
1960	2	5	0.575	0.464	0.352	0.249	0.161	0.0937	0.0477	0.574	0.377	0.208	0.0947	0.035	0.0104	0.00246	0	0:00:37.286255
1980	9	9	0.979	0.951	0.891	0.785	0.629	0.442	0.266	0.979	0.937	0.848	0.701	0.511	0.318	0.165	1	0:00:37.333588
2000	1	-1	0.0	0.0	0.0	0.0	0.0	0.0	0.0	0.0	0.0	0.0	0.0	0.0	0.0	0.0	0	0:00:22.820333
2020	9	9	0.972	0.938	0.87	0.755	0.593	0.41	0.242	0.972	0.922	0.821	0.662	0.467	0.28	0.14	1	0:00:37.532085
2040	0	0	0.764	0.654	0.524	0.386	0.257	0.152	0.0777	0.764	0.587	0.39	0.218	0.1	0.0376	0.0113	1	0:00:37.281924
2060	5	3	0.602	0.522	0.434	0.34	0.245	0.157	0.0879	0.602	0.404	0.229	0.107	0.0408	0.0125	0.00305	0	0:00:37.011800
2080	1	1	0.604	0.473	0.344	0.228	0.137	0.0736	0.0346	0.604	0.407	0.231	0.108	0.0413	0.0127	0.00312	1	0:00:37.113081
2100	2	2	0.681	0.572	0.453	0.332	0.222	0.132	0.0686	0.681	0.488	0.298	0.151	0.063	0.0212	0.0057	1	0:00:37.461540
2120	4	8	0.526	0.397	0.278	0.179	0.105	0.0558	0.0261	0.525	0.331	0.175	0.0755	0.0264	0.00742	0.00166	0	0:00:37.095824
2140	9	9	0.959	0.913	0.829	0.7	0.533	0.356	0.203	0.959	0.893	0.771	0.595	0.398	0.224	0.104	1	0:00:37.109575
2160	0	0	0.672	0.535	0.391	0.261	0.157	0.0835	0.0391	0.672	0.479	0.29	0.146	0.0601	0.02	0.00533	1	0:00:37.024166
2180	4	4	0.635	0.551	0.456	0.353	0.251	0.158	0.087	0.634	0.438	0.256	0.124	0.0488	0.0155	0.00394	1	0:00:37.184512
2200	0	-1	0.0	0.0	0.0	0.0	0.0	0.0	0.0	0.0	0.0	0.0	0.0	0.0	0.0	0.0	0	0:00:22.775885
2220	1	1	0.98	0.953	0.895	0.789	0.633	0.446	0.269	0.98	0.941	0.856	0.713	0.524	0.33	0.174	1	0:00:37.211398
2240	9	-1	0.0	0.0	0.0	0.0	0.0	0.0	0.0	0.0	0.0	0.0	0.0	0.0	0.0	0.0	0	0:00:22.738060
2260	4	4	0.654	0.558	0.452	0.344	0.239	0.149	0.0808	0.654	0.458	0.273	0.135	0.0543	0.0177	0.0046	1	0:00:37.540368
2280	4	-1	0.0	0.0	0.0	0.0	0.0	0.0	0.0	0.0	0.0	0.0	0.0	0.0	0.0	0.0	0	0:00:22.847802
2300	3	-1	0.0	0.0	0.0	0.0	0.0	0.0	0.0	0.0	0.0	0.0	0.0	0.0	0.0	0.0	0	0:00:22.938471
2320	5	2	0.665	0.551	0.43	0.312	0.208	0.124	0.0647	0.665	0.47	0.283	0.141	0.0576	0.019	0.00501	0	0:00:37.441993
2340	7	7	0.989	0.969	0.918	0.82	0.666	0.476	0.29	0.99	0.965	0.905	0.791	0.621	0.424	0.245	1	0:00:37.474720
2360	7	-1	0.0	0.0	0.0	0.0	0.0	0.0	0.0	0.0	0.0	0.0	0.0	0.0	0.0	0.0	0	0:00:22.855653
2380	8	8	0.877	0.793	0.677	0.533	0.378	0.236	0.127	0.877	0.745	0.563	0.366	0.2	0.0899	0.0328	1	0:00:37.420092
2400	0	0	0.871	0.779	0.653	0.502	0.346	0.209	0.109	0.871	0.736	0.552	0.356	0.192	0.0854	0.0308	1	0:00:37.237945
2420	8	-1	0.0	0.0	0.0	0.0	0.0	0.0	0.0	0.0	0.0	0.0	0.0	0.0	0.0	0.0	0	0:00:22.875914
2440	7	7	0.707	0.578	0.437	0.301	0.185	0.101	0.0478	0.707	0.518	0.324	0.17	0.0728	0.0253	0.00704	1	0:00:37.392371
2460	9	-1	0.0	0.0	0.0	0.0	0.0	0.0	0.0	0.0	0.0	0.0	0.0	0.0	0.0	0.0	0	0:00:22.896338
2480	8	8	0.923	0.859	0.76	0.623	0.461	0.3	0.167	0.923	0.822	0.664	0.469	0.282	0.141	0.0574	1	0:00:37.346157
2500	4	-1	0.0	0.0	0.0	0.0	0.0	0.0	0.0	0.0	0.0	0.0	0.0	0.0	0.0	0.0	0	0:00:22.917414
2520	1	1	0.677	0.553	0.421	0.296	0.188	0.107	0.0532	0.677	0.484	0.294	0.149	0.0617	0.0206	0.00553	1	0:00:37.237873
2540	2	-1	0.0	0.0	0.0	0.0	0.0	0.0	0.0	0.0	0.0	0.0	0.0	0.0	0.0	0.0	0	0:00:22.888230
2560	7	7	0.524	0.399	0.285	0.19	0.116	0.0649	0.0322	0.524	0.33	0.173	0.0749	0.0262	0.00733	0.00164	1	0:00:37.211352
2580	6	-1	0.0	0.0	0.0	0.0	0.0	0.0	0.0	0.0	0.0	0.0	0.0	0.0	0.0	0.0	0	0:00:22.875607
2600	8	8	0.954	0.91	0.833	0.712	0.552	0.376	0.219	0.954	0.882	0.753	0.572	0.376	0.207	0.0939	1	0:00:37.191320
2620	1	1	0.631	0.488	0.347	0.224	0.131	0.0679	0.031	0.631	0.434	0.252	0.122	0.0478	0.0151	0.00383	1	0:00:37.270859
2640	7	7	0.896	0.826	0.724	0.59	0.435	0.283	0.159	0.896	0.776	0.602	0.405	0.23	0.107	0.0409	1	0:00:37.133703
2660	3	-1	0.0	0.0	0.0	0.0	0.0	0.0	0.0	0.0	0.0	0.0	0.0	0.0	0.0	0.0	0	0:00:22.838828
2680	0	0	0.98	0.956	0.904	0.805	0.654	0.468	0.286	0.98	0.939	0.853	0.709	0.52	0.326	0.171	1	0:00:37.223801
2700	9	9	0.708	0.581	0.442	0.307	0.192	0.106	0.051	0.708	0.519	0.326	0.171	0.0732	0.0255	0.0071	1	0:00:37.319067
2720	3	3	0.563	0.463	0.362	0.265	0.178	0.107	0.0563	0.562	0.366	0.2	0.0897	0.0327	0.00957	0.00224	1	0:00:37.350917
2740	1	1	0.675	0.566	0.446	0.327	0.218	0.13	0.0673	0.675	0.482	0.292	0.148	0.061	0.0204	0.00545	1	0:00:37.424993
2760	2	2	0.651	0.554	0.45	0.343	0.24	0.15	0.082	0.651	0.455	0.27	0.133	0.0534	0.0173	0.00449	1	0:00:37.105475
2780	7	7	0.981	0.952	0.892	0.783	0.624	0.437	0.261	0.981	0.942	0.858	0.716	0.528	0.334	0.176	1	0:00:37.093078
2800	4	-1	0.0	0.0	0.0	0.0	0.0	0.0	0.0	0.0	0.0	0.0	0.0	0.0	0.0	0.0	0	0:00:22.778174
2820	6	6	0.888	0.815	0.712	0.578	0.426	0.277	0.156	0.888	0.763	0.586	0.389	0.217	0.0998	0.0373	1	0:00:37.370635
2840	3	3	0.901	0.872	0.818	0.725	0.588	0.42	0.257	0.901	0.784	0.613	0.416	0.238	0.113	0.0433	1	0:00:37.173330
2860	5	-1	0.0	0.0	0.0	0.0	0.0	0.0	0.0	0.0	0.0	0.0	0.0	0.0	0.0	0.0	0	0:00:22.812567
2880	4	4	0.89	0.836	0.754	0.638	0.491	0.334	0.195	0.89	0.767	0.59	0.393	0.22	0.102	0.0382	1	0:00:37.384947
2900	3	-1	0.0	0.0	0.0	0.0	0.0	0.0	0.0	0.0	0.0	0.0	0.0	0.0	0.0	0.0	0	0:00:22.877447
2920	2	-1	0.0	0.0	0.0	0.0	0.0	0.0	0.0	0.0	0.0	0.0	0.0	0.0	0.0	0.0	0	0:00:22.848125
2940	3	0	0.735	0.638	0.526	0.403	0.282	0.176	0.095	0.735	0.551	0.355	0.191	0.0849	0.0305	0.00882	0	0:00:37.143285
2960	9	9	0.6	0.479	0.355	0.241	0.148	0.0809	0.0386	0.6	0.403	0.228	0.106	0.0404	0.0124	0.00302	1	0:00:37.007799
2980	8	8	0.771	0.648	0.503	0.354	0.222	0.122	0.058	0.771	0.595	0.398	0.224	0.104	0.0393	0.0119	1	0:00:37.014444
3000	5	5	0.907	0.853	0.769	0.649	0.499	0.339	0.197	0.907	0.795	0.627	0.43	0.25	0.12	0.047	1	0:00:36.662806
3020	1	1	0.917	0.843	0.729	0.579	0.412	0.256	0.136	0.917	0.812	0.65	0.454	0.269	0.132	0.0532	1	0:00:36.866651
3040	7	7	0.994	0.978	0.935	0.846	0.698	0.507	0.315	0.994	0.978	0.935	0.845	0.697	0.506	0.314	1	0:00:36.716367
3060	7	7	0.852	0.754	0.625	0.474	0.323	0.194	0.1	0.852	0.708	0.518	0.325	0.17	0.073	0.0254	1	0:00:36.933192
3080	1	1	0.552	0.422	0.298	0.193	0.113	0.0594	0.0275	0.552	0.356	0.192	0.0853	0.0307	0.00889	0.00205	1	0:00:36.683390
3100	0	0	0.757	0.683	0.592	0.482	0.359	0.237	0.135	0.756	0.577	0.38	0.21	0.0959	0.0355	0.0106	1	0:00:37.085966
3120	4	-1	0.0	0.0	0.0	0.0	0.0	0.0	0.0	0.0	0.0	0.0	0.0	0.0	0.0	0.0	0	0:00:22.790930
3140	8	8	0.82	0.71	0.571	0.419	0.274	0.157	0.0775	0.82	0.661	0.466	0.279	0.139	0.0565	0.0186	1	0:00:37.262507
3160	6	-1	0.0	0.0	0.0	0.0	0.0	0.0	0.0	0.0	0.0	0.0	0.0	0.0	0.0	0.0	0	0:00:22.831463
3180	3	-1	0.0	0.0	0.0	0.0	0.0	0.0	0.0	0.0	0.0	0.0	0.0	0.0	0.0	0.0	0	0:00:22.911406
3200	5	7	0.513	0.385	0.27	0.176	0.107	0.0591	0.0292	0.513	0.32	0.167	0.0711	0.0245	0.0068	0.0015	0	0:00:37.254927
3220	3	-1	0.0	0.0	0.0	0.0	0.0	0.0	0.0	0.0	0.0	0.0	0.0	0.0	0.0	0.0	0	0:00:22.866208
3240	4	-1	0.0	0.0	0.0	0.0	0.0	0.0	0.0	0.0	0.0	0.0	0.0	0.0	0.0	0.0	0	0:00:22.898864
3260	7	7	0.891	0.81	0.694	0.547	0.387	0.24	0.128	0.891	0.768	0.592	0.394	0.221	0.102	0.0385	1	0:00:37.318934
3280	3	5	0.606	0.501	0.394	0.292	0.2	0.124	0.0671	0.606	0.409	0.232	0.109	0.0417	0.0128	0.00316	0	0:00:37.242734
3300	4	-1	0.0	0.0	0.0	0.0	0.0	0.0	0.0	0.0	0.0	0.0	0.0	0.0	0.0	0.0	0	0:00:22.832965
3320	2	7	0.844	0.756	0.639	0.5	0.354	0.222	0.12	0.844	0.696	0.505	0.313	0.162	0.0684	0.0234	0	0:00:37.218679
3340	6	6	0.544	0.428	0.318	0.221	0.141	0.081	0.041	0.544	0.348	0.187	0.0822	0.0294	0.00841	0.00192	1	0:00:36.685291
3360	4	-1	0.0	0.0	0.0	0.0	0.0	0.0	0.0	0.0	0.0	0.0	0.0	0.0	0.0	0.0	0	0:00:22.773370
3380	8	8	0.934	0.874	0.777	0.639	0.473	0.306	0.17	0.934	0.843	0.694	0.503	0.311	0.161	0.0678	1	0:00:36.762095
3400	6	4	0.558	0.44	0.324	0.22	0.136	0.0748	0.0361	0.557	0.361	0.196	0.0876	0.0318	0.00925	0.00215	0	0:00:36.798571
3420	5	-1	0.0	0.0	0.0	0.0	0.0	0.0	0.0	0.0	0.0	0.0	0.0	0.0	0.0	0.0	0	0:00:22.782816
3440	2	-1	0.0	0.0	0.0	0.0	0.0	0.0	0.0	0.0	0.0	0.0	0.0	0.0	0.0	0.0	0	0:00:22.805741
3460	1	1	0.833	0.729	0.597	0.449	0.304	0.182	0.0939	0.833	0.679	0.486	0.297	0.151	0.0625	0.021	1	0:00:36.845243
3480	2	2	0.93	0.892	0.827	0.722	0.576	0.405	0.244	0.93	0.836	0.684	0.491	0.301	0.154	0.0641	1	0:00:36.871054
3500	1	1	0.659	0.528	0.393	0.267	0.164	0.09	0.0432	0.659	0.464	0.277	0.138	0.0559	0.0183	0.00479	1	0:00:36.746740
3520	1	1	0.981	0.951	0.887	0.775	0.613	0.425	0.252	0.981	0.943	0.86	0.719	0.532	0.337	0.179	1	0:00:36.857398
3540	6	6	0.769	0.664	0.54	0.407	0.278	0.169	0.0897	0.769	0.593	0.396	0.222	0.103	0.0389	0.0118	1	0:00:37.167818
3560	1	-1	0.0	0.0	0.0	0.0	0.0	0.0	0.0	0.0	0.0	0.0	0.0	0.0	0.0	0.0	0	0:00:22.792347
3580	4	-1	0.0	0.0	0.0	0.0	0.0	0.0	0.0	0.0	0.0	0.0	0.0	0.0	0.0	0.0	0	0:00:22.856308
3600	4	2	0.798	0.698	0.576	0.44	0.305	0.187	0.0991	0.798	0.631	0.434	0.252	0.122	0.0478	0.0151	0	0:00:37.121595
3620	0	-1	0.0	0.0	0.0	0.0	0.0	0.0	0.0	0.0	0.0	0.0	0.0	0.0	0.0	0.0	0	0:00:22.863797
3640	6	2	0.551	0.44	0.331	0.234	0.153	0.0899	0.0467	0.551	0.355	0.192	0.0852	0.0307	0.00887	0.00205	0	0:00:37.174589
3660	0	0	0.817	0.716	0.591	0.451	0.313	0.192	0.103	0.817	0.657	0.462	0.276	0.137	0.0554	0.0181	1	0:00:37.185554
3680	0	-1	0.0	0.0	0.0	0.0	0.0	0.0	0.0	0.0	0.0	0.0	0.0	0.0	0.0	0.0	0	0:00:22.787650
3700	3	3	0.593	0.524	0.446	0.359	0.267	0.177	0.101	0.592	0.395	0.222	0.103	0.0387	0.0117	0.00284	1	0:00:37.236037
3720	2	2	0.932	0.877	0.787	0.657	0.496	0.329	0.187	0.932	0.84	0.689	0.498	0.307	0.157	0.0661	1	0:00:37.016359
3740	0	0	0.864	0.778	0.66	0.518	0.367	0.229	0.123	0.864	0.726	0.54	0.345	0.184	0.0807	0.0287	1	0:00:37.045275
3760	7	7	0.94	0.888	0.802	0.676	0.517	0.348	0.201	0.94	0.854	0.71	0.521	0.327	0.172	0.0739	1	0:00:36.768861
3780	4	-1	0.0	0.0	0.0	0.0	0.0	0.0	0.0	0.0	0.0	0.0	0.0	0.0	0.0	0.0	0	0:00:22.763424
3800	9	9	0.619	0.506	0.388	0.277	0.18	0.105	0.0533	0.619	0.422	0.243	0.116	0.0449	0.014	0.00351	1	0:00:36.923862
3820	0	-1	0.0	0.0	0.0	0.0	0.0	0.0	0.0	0.0	0.0	0.0	0.0	0.0	0.0	0.0	0	0:00:22.741780
3840	6	-1	0.0	0.0	0.0	0.0	0.0	0.0	0.0	0.0	0.0	0.0	0.0	0.0	0.0	0.0	0	0:00:22.848275
3860	7	7	0.992	0.975	0.929	0.837	0.687	0.497	0.307	0.992	0.972	0.922	0.821	0.662	0.468	0.281	1	0:00:36.771254
3880	6	-1	0.0	0.0	0.0	0.0	0.0	0.0	0.0	0.0	0.0	0.0	0.0	0.0	0.0	0.0	0	0:00:22.799356
3900	3	6	0.629	0.534	0.431	0.324	0.223	0.137	0.0728	0.629	0.432	0.251	0.121	0.0473	0.015	0.00378	0	0:00:36.924279
3920	7	-1	0.0	0.0	0.0	0.0	0.0	0.0	0.0	0.0	0.0	0.0	0.0	0.0	0.0	0.0	0	0:00:22.803010
3940	6	-1	0.0	0.0	0.0	0.0	0.0	0.0	0.0	0.0	0.0	0.0	0.0	0.0	0.0	0.0	0	0:00:22.859649
3960	2	2	0.827	0.751	0.652	0.53	0.392	0.257	0.146	0.827	0.67	0.476	0.288	0.145	0.0595	0.0197	1	0:00:36.739687
3980	9	-1	0.0	0.0	0.0	0.0	0.0	0.0	0.0	0.0	0.0	0.0	0.0	0.0	0.0	0.0	0	0:00:22.781344
4000	8	-1	0.0	0.0	0.0	0.0	0.0	0.0	0.0	0.0	0.0	0.0	0.0	0.0	0.0	0.0	0	0:00:22.846525
4020	8	8	0.582	0.464	0.344	0.235	0.146	0.081	0.0394	0.582	0.385	0.214	0.0979	0.0365	0.0109	0.00261	1	0:00:37.183798
4040	0	0	0.991	0.972	0.925	0.83	0.679	0.489	0.301	0.991	0.969	0.914	0.806	0.642	0.446	0.262	1	0:00:37.069083
4060	6	6	0.521	0.391	0.273	0.177	0.106	0.0578	0.0281	0.521	0.327	0.172	0.0739	0.0258	0.0072	0.0016	1	0:00:37.025513
4080	1	1	0.855	0.759	0.633	0.484	0.333	0.201	0.105	0.855	0.711	0.523	0.329	0.173	0.0745	0.026	1	0:00:37.081920
4100	7	7	0.993	0.976	0.932	0.841	0.692	0.502	0.31	0.993	0.976	0.929	0.834	0.681	0.488	0.298	1	0:00:37.160500
4120	4	4	0.793	0.693	0.569	0.43	0.293	0.176	0.0915	0.793	0.625	0.428	0.248	0.119	0.0463	0.0146	1	0:00:37.176888
4140	5	5	0.53	0.473	0.408	0.333	0.25	0.167	0.0967	0.529	0.334	0.177	0.0767	0.0269	0.00759	0.00171	1	0:00:37.065856
4160	5	-1	0.0	0.0	0.0	0.0	0.0	0.0	0.0	0.0	0.0	0.0	0.0	0.0	0.0	0.0	0	0:00:22.747993
4180	0	0	0.512	0.379	0.257	0.16	0.0897	0.0453	0.0203	0.512	0.319	0.166	0.0707	0.0244	0.00675	0.00149	1	0:00:37.276469
4200	4	-1	0.0	0.0	0.0	0.0	0.0	0.0	0.0	0.0	0.0	0.0	0.0	0.0	0.0	0.0	0	0:00:22.844860
4220	4	0	0.879	0.807	0.704	0.57	0.418	0.269	0.149	0.879	0.748	0.567	0.37	0.203	0.0915	0.0335	0	0:00:37.254447
4240	7	0	0.592	0.467	0.343	0.231	0.141	0.077	0.0368	0.592	0.395	0.222	0.103	0.0386	0.0117	0.00283	0	0:00:36.840172
4260	8	8	0.943	0.887	0.793	0.657	0.491	0.321	0.179	0.943	0.86	0.719	0.532	0.337	0.179	0.0778	1	0:00:36.772780
4280	8	-1	0.0	0.0	0.0	0.0	0.0	0.0	0.0	0.0	0.0	0.0	0.0	0.0	0.0	0.0	0	0:00:22.721535
4300	8	8	0.813	0.728	0.62	0.492	0.354	0.226	0.125	0.813	0.651	0.455	0.27	0.133	0.0535	0.0174	1	0:00:36.859735
4320	1	-1	0.0	0.0	0.0	0.0	0.0	0.0	0.0	0.0	0.0	0.0	0.0	0.0	0.0	0.0	0	0:00:22.777598
4340	0	0	0.881	0.798	0.681	0.537	0.381	0.238	0.128	0.881	0.752	0.572	0.375	0.206	0.0936	0.0345	1	0:00:37.056118
4360	6	-1	0.0	0.0	0.0	0.0	0.0	0.0	0.0	0.0	0.0	0.0	0.0	0.0	0.0	0.0	0	0:00:22.778566
4380	9	9	0.677	0.555	0.424	0.298	0.19	0.108	0.0534	0.677	0.484	0.295	0.149	0.0619	0.0207	0.00555	1	0:00:36.816894
4400	3	-1	0.0	0.0	0.0	0.0	0.0	0.0	0.0	0.0	0.0	0.0	0.0	0.0	0.0	0.0	0	0:00:22.795259
4420	5	-1	0.0	0.0	0.0	0.0	0.0	0.0	0.0	0.0	0.0	0.0	0.0	0.0	0.0	0.0	0	0:00:22.882615
4440	2	-1	0.0	0.0	0.0	0.0	0.0	0.0	0.0	0.0	0.0	0.0	0.0	0.0	0.0	0.0	0	0:00:22.941713
4460	9	9	0.622	0.48	0.339	0.218	0.127	0.0657	0.03	0.622	0.425	0.246	0.117	0.0457	0.0143	0.00359	1	0:00:37.082026
4480	9	9	0.959	0.914	0.833	0.707	0.542	0.364	0.209	0.959	0.892	0.77	0.594	0.397	0.223	0.104	1	0:00:37.173553
4500	3	5	0.556	0.466	0.372	0.278	0.191	0.118	0.063	0.556	0.36	0.195	0.087	0.0315	0.00916	0.00212	0	0:00:37.335576
4520	3	-1	0.0	0.0	0.0	0.0	0.0	0.0	0.0	0.0	0.0	0.0	0.0	0.0	0.0	0.0	0	0:00:22.789236
4540	9	9	0.941	0.897	0.822	0.706	0.551	0.379	0.223	0.941	0.856	0.713	0.524	0.33	0.174	0.0751	1	0:00:37.258974
4560	1	1	0.923	0.856	0.752	0.611	0.447	0.287	0.158	0.923	0.822	0.664	0.469	0.282	0.141	0.0574	1	0:00:37.117900
4580	6	-1	0.0	0.0	0.0	0.0	0.0	0.0	0.0	0.0	0.0	0.0	0.0	0.0	0.0	0.0	0	0:00:22.811415
4600	4	-1	0.0	0.0	0.0	0.0	0.0	0.0	0.0	0.0	0.0	0.0	0.0	0.0	0.0	0.0	0	0:00:22.885547
4620	7	-1	0.0	0.0	0.0	0.0	0.0	0.0	0.0	0.0	0.0	0.0	0.0	0.0	0.0	0.0	0	0:00:22.964276
4640	2	-1	0.0	0.0	0.0	0.0	0.0	0.0	0.0	0.0	0.0	0.0	0.0	0.0	0.0	0.0	0	0:00:22.934772
4660	7	-1	0.0	0.0	0.0	0.0	0.0	0.0	0.0	0.0	0.0	0.0	0.0	0.0	0.0	0.0	0	0:00:22.991863
4680	9	9	0.503	0.358	0.231	0.134	0.0699	0.0324	0.0133	0.503	0.311	0.16	0.0676	0.0231	0.00632	0.00138	1	0:00:37.218045
4700	6	-1	0.0	0.0	0.0	0.0	0.0	0.0	0.0	0.0	0.0	0.0	0.0	0.0	0.0	0.0	0	0:00:22.798684
4720	8	8	0.589	0.448	0.313	0.199	0.114	0.0579	0.026	0.589	0.391	0.219	0.101	0.0379	0.0114	0.00276	1	0:00:36.904214
4740	5	3	0.538	0.457	0.374	0.288	0.205	0.131	0.0727	0.538	0.343	0.183	0.0799	0.0283	0.00807	0.00183	0	0:00:36.889771
4760	3	-1	0.0	0.0	0.0	0.0	0.0	0.0	0.0	0.0	0.0	0.0	0.0	0.0	0.0	0.0	0	0:00:22.824607
4780	0	0	0.759	0.658	0.539	0.409	0.282	0.173	0.0922	0.759	0.581	0.384	0.213	0.0976	0.0363	0.0109	1	0:00:36.973384
4800	9	9	0.994	0.978	0.935	0.845	0.697	0.506	0.314	0.994	0.978	0.934	0.843	0.693	0.502	0.31	1	0:00:36.743363
4820	3	3	0.671	0.592	0.501	0.4	0.293	0.192	0.109	0.671	0.477	0.289	0.145	0.0597	0.0198	0.00528	1	0:00:36.811872
4840	0	0	0.983	0.959	0.906	0.805	0.651	0.463	0.281	0.983	0.947	0.868	0.732	0.547	0.352	0.189	1	0:00:36.797744
4860	5	5	0.794	0.698	0.581	0.451	0.32	0.202	0.111	0.794	0.626	0.429	0.249	0.119	0.0466	0.0147	1	0:00:36.763856
4880	0	-1	0.0	0.0	0.0	0.0	0.0	0.0	0.0	0.0	0.0	0.0	0.0	0.0	0.0	0.0	0	0:00:22.718968
4900	3	-1	0.0	0.0	0.0	0.0	0.0	0.0	0.0	0.0	0.0	0.0	0.0	0.0	0.0	0.0	0	0:00:22.880701
4920	7	7	0.951	0.909	0.834	0.716	0.557	0.382	0.224	0.951	0.877	0.745	0.563	0.366	0.2	0.0897	1	0:00:37.186780
4940	6	-1	0.0	0.0	0.0	0.0	0.0	0.0	0.0	0.0	0.0	0.0	0.0	0.0	0.0	0.0	0	0:00:22.813477
4960	4	-1	0.0	0.0	0.0	0.0	0.0	0.0	0.0	0.0	0.0	0.0	0.0	0.0	0.0	0.0	0	0:00:22.919264
4980	1	9	0.652	0.548	0.436	0.322	0.218	0.131	0.0686	0.652	0.457	0.271	0.134	0.0538	0.0175	0.00454	0	0:00:37.388398
5000	7	7	0.993	0.976	0.933	0.842	0.693	0.503	0.312	0.993	0.975	0.928	0.832	0.678	0.484	0.295	1	0:00:37.069763
5020	8	8	0.932	0.881	0.798	0.676	0.518	0.35	0.203	0.932	0.839	0.687	0.496	0.305	0.156	0.0654	1	0:00:37.051632
5040	3	-1	0.0	0.0	0.0	0.0	0.0	0.0	0.0	0.0	0.0	0.0	0.0	0.0	0.0	0.0	0	0:00:22.778622
5060	6	-1	0.0	0.0	0.0	0.0	0.0	0.0	0.0	0.0	0.0	0.0	0.0	0.0	0.0	0.0	0	0:00:22.886339
5080	7	7	0.949	0.902	0.819	0.694	0.531	0.358	0.206	0.949	0.873	0.739	0.555	0.359	0.195	0.0867	1	0:00:37.233819
5100	3	3	0.802	0.738	0.652	0.541	0.41	0.275	0.159	0.801	0.636	0.439	0.257	0.124	0.0491	0.0156	1	0:00:37.055243
5120	9	9	0.682	0.547	0.404	0.272	0.164	0.0875	0.0408	0.682	0.489	0.299	0.152	0.0634	0.0214	0.00576	1	0:00:36.849074
5140	8	8	0.878	0.791	0.67	0.521	0.364	0.223	0.117	0.878	0.747	0.566	0.369	0.202	0.091	0.0333	1	0:00:36.958246
5160	0	0	0.712	0.59	0.455	0.323	0.207	0.118	0.059	0.712	0.524	0.33	0.174	0.0749	0.0262	0.00734	1	0:00:36.964308
5180	9	-1	0.0	0.0	0.0	0.0	0.0	0.0	0.0	0.0	0.0	0.0	0.0	0.0	0.0	0.0	0	0:00:22.778373
5200	3	3	0.725	0.669	0.595	0.5	0.385	0.263	0.155	0.725	0.539	0.344	0.183	0.0804	0.0286	0.00814	1	0:00:36.818532
5220	0	0	0.665	0.555	0.436	0.318	0.212	0.126	0.065	0.665	0.471	0.283	0.142	0.0579	0.0191	0.00504	1	0:00:36.756842
5240	1	-1	0.0	0.0	0.0	0.0	0.0	0.0	0.0	0.0	0.0	0.0	0.0	0.0	0.0	0.0	0	0:00:22.724463
5260	0	0	0.969	0.937	0.875	0.767	0.612	0.43	0.258	0.969	0.914	0.806	0.642	0.446	0.262	0.128	1	0:00:36.814007
5280	0	-1	0.0	0.0	0.0	0.0	0.0	0.0	0.0	0.0	0.0	0.0	0.0	0.0	0.0	0.0	0	0:00:22.741451
5300	9	9	0.76	0.651	0.52	0.382	0.253	0.148	0.075	0.76	0.582	0.385	0.214	0.0981	0.0365	0.0109	1	0:00:36.773807
5320	7	7	0.879	0.791	0.668	0.517	0.359	0.218	0.114	0.879	0.748	0.567	0.37	0.203	0.0914	0.0335	1	0:00:36.833051
5340	3	4	0.764	0.68	0.577	0.458	0.332	0.213	0.119	0.764	0.587	0.389	0.217	0.1	0.0375	0.0113	0	0:00:37.071175
5360	9	9	0.853	0.781	0.683	0.557	0.413	0.271	0.153	0.853	0.709	0.52	0.326	0.171	0.0736	0.0256	1	0:00:37.047309
5380	1	9	0.725	0.598	0.455	0.316	0.197	0.108	0.0516	0.725	0.539	0.344	0.183	0.0804	0.0286	0.00814	0	0:00:37.072530
5400	9	9	0.886	0.806	0.691	0.547	0.388	0.242	0.129	0.886	0.759	0.581	0.384	0.213	0.0976	0.0363	1	0:00:37.077627
5420	6	6	0.751	0.638	0.508	0.373	0.248	0.147	0.0755	0.751	0.57	0.373	0.205	0.0929	0.0342	0.0101	1	0:00:36.992723
5440	9	9	0.991	0.972	0.926	0.833	0.683	0.493	0.304	0.991	0.969	0.913	0.806	0.641	0.445	0.262	1	0:00:37.032892
5460	0	0	0.98	0.953	0.895	0.79	0.634	0.447	0.27	0.98	0.941	0.856	0.713	0.525	0.331	0.175	1	0:00:37.220608
5480	1	1	0.727	0.589	0.438	0.293	0.175	0.0921	0.0421	0.727	0.542	0.346	0.185	0.0814	0.029	0.00829	1	0:00:37.045532
5500	8	8	0.656	0.531	0.4	0.276	0.172	0.0951	0.046	0.656	0.461	0.275	0.136	0.0549	0.0179	0.00468	1	0:00:36.985440
5520	4	-1	0.0	0.0	0.0	0.0	0.0	0.0	0.0	0.0	0.0	0.0	0.0	0.0	0.0	0.0	0	0:00:22.739539
5540	5	-1	0.0	0.0	0.0	0.0	0.0	0.0	0.0	0.0	0.0	0.0	0.0	0.0	0.0	0.0	0	0:00:22.868793
5560	3	-1	0.0	0.0	0.0	0.0	0.0	0.0	0.0	0.0	0.0	0.0	0.0	0.0	0.0	0.0	0	0:00:22.918851
5580	5	-1	0.0	0.0	0.0	0.0	0.0	0.0	0.0	0.0	0.0	0.0	0.0	0.0	0.0	0.0	0	0:00:22.938431
5600	6	-1	0.0	0.0	0.0	0.0	0.0	0.0	0.0	0.0	0.0	0.0	0.0	0.0	0.0	0.0	0	0:00:22.897799
5620	3	-1	0.0	0.0	0.0	0.0	0.0	0.0	0.0	0.0	0.0	0.0	0.0	0.0	0.0	0.0	0	0:00:22.933593
5640	2	-1	0.0	0.0	0.0	0.0	0.0	0.0	0.0	0.0	0.0	0.0	0.0	0.0	0.0	0.0	0	0:00:22.934676
5660	9	9	0.566	0.441	0.32	0.214	0.13	0.071	0.034	0.566	0.369	0.202	0.0911	0.0333	0.00979	0.0023	1	0:00:36.955672
5680	2	-1	0.0	0.0	0.0	0.0	0.0	0.0	0.0	0.0	0.0	0.0	0.0	0.0	0.0	0.0	0	0:00:22.888534
5700	3	-1	0.0	0.0	0.0	0.0	0.0	0.0	0.0	0.0	0.0	0.0	0.0	0.0	0.0	0.0	0	0:00:22.990549
5720	9	9	0.976	0.943	0.877	0.764	0.603	0.418	0.247	0.976	0.93	0.835	0.682	0.489	0.299	0.152	1	0:00:37.597202
5740	6	-1	0.0	0.0	0.0	0.0	0.0	0.0	0.0	0.0	0.0	0.0	0.0	0.0	0.0	0.0	0	0:00:22.777207
5760	2	-1	0.0	0.0	0.0	0.0	0.0	0.0	0.0	0.0	0.0	0.0	0.0	0.0	0.0	0.0	0	0:00:22.886281
5780	7	7	0.988	0.966	0.916	0.818	0.665	0.476	0.291	0.988	0.96	0.894	0.773	0.599	0.401	0.227	1	0:00:37.149478
5800	2	2	0.512	0.401	0.294	0.2	0.125	0.07	0.0345	0.512	0.319	0.166	0.0708	0.0244	0.00676	0.00149	1	0:00:36.749919
5820	5	-1	0.0	0.0	0.0	0.0	0.0	0.0	0.0	0.0	0.0	0.0	0.0	0.0	0.0	0.0	0	0:00:22.834426
5840	2	2	0.513	0.407	0.307	0.218	0.143	0.0849	0.0444	0.513	0.32	0.167	0.0712	0.0246	0.00681	0.0015	1	0:00:37.259990
5860	0	0	0.516	0.381	0.258	0.159	0.0883	0.0438	0.0192	0.516	0.323	0.169	0.0723	0.0251	0.00697	0.00154	1	0:00:37.192825
5880	0	0	0.951	0.9	0.812	0.681	0.516	0.342	0.194	0.951	0.875	0.743	0.56	0.364	0.198	0.0887	1	0:00:37.097230
5900	4	-1	0.0	0.0	0.0	0.0	0.0	0.0	0.0	0.0	0.0	0.0	0.0	0.0	0.0	0.0	0	0:00:22.769435
5920	8	8	0.994	0.978	0.935	0.845	0.697	0.507	0.315	0.994	0.978	0.934	0.843	0.694	0.503	0.311	1	0:00:37.283062
5940	7	-1	0.0	0.0	0.0	0.0	0.0	0.0	0.0	0.0	0.0	0.0	0.0	0.0	0.0	0.0	0	0:00:22.800818
5960	2	-1	0.0	0.0	0.0	0.0	0.0	0.0	0.0	0.0	0.0	0.0	0.0	0.0	0.0	0.0	0	0:00:22.842878
5980	9	9	0.984	0.959	0.902	0.797	0.639	0.451	0.271	0.984	0.951	0.875	0.743	0.561	0.364	0.198	1	0:00:37.220065
6000	8	-1	0.0	0.0	0.0	0.0	0.0	0.0	0.0	0.0	0.0	0.0	0.0	0.0	0.0	0.0	0	0:00:22.812664
6020	6	6	0.682	0.566	0.44	0.315	0.205	0.119	0.0599	0.682	0.49	0.3	0.153	0.0636	0.0214	0.00578	1	0:00:37.133335
6040	2	-1	0.0	0.0	0.0	0.0	0.0	0.0	0.0	0.0	0.0	0.0	0.0	0.0	0.0	0.0	0	0:00:22.759676
6060	3	-1	0.0	0.0	0.0	0.0	0.0	0.0	0.0	0.0	0.0	0.0	0.0	0.0	0.0	0.0	0	0:00:22.814625
6080	1	1	0.804	0.691	0.553	0.404	0.265	0.153	0.0768	0.804	0.639	0.443	0.26	0.126	0.0501	0.016	1	0:00:36.917734
6100	1	1	0.889	0.817	0.713	0.578	0.423	0.274	0.152	0.889	0.764	0.587	0.39	0.218	0.1	0.0376	1	0:00:36.599424
6120	5	5	0.712	0.614	0.502	0.383	0.266	0.165	0.0886	0.712	0.523	0.33	0.173	0.0748	0.0261	0.00732	1	0:00:36.646742
6140	9	9	0.916	0.849	0.745	0.605	0.442	0.284	0.156	0.916	0.811	0.648	0.452	0.268	0.131	0.0527	1	0:00:36.630422
6160	2	2	0.52	0.402	0.292	0.197	0.122	0.0683	0.0338	0.52	0.326	0.171	0.0736	0.0256	0.00715	0.00159	1	0:00:36.745136
6180	0	0	0.701	0.588	0.463	0.336	0.221	0.129	0.0656	0.701	0.511	0.318	0.165	0.0703	0.0242	0.00669	1	0:00:36.899480
6200	3	-1	0.0	0.0	0.0	0.0	0.0	0.0	0.0	0.0	0.0	0.0	0.0	0.0	0.0	0.0	0	0:00:22.727539
6220	2	-1	0.0	0.0	0.0	0.0	0.0	0.0	0.0	0.0	0.0	0.0	0.0	0.0	0.0	0.0	0	0:00:22.857707
6240	2	-1	0.0	0.0	0.0	0.0	0.0	0.0	0.0	0.0	0.0	0.0	0.0	0.0	0.0	0.0	0	0:00:22.906150
6260	2	-1	0.0	0.0	0.0	0.0	0.0	0.0	0.0	0.0	0.0	0.0	0.0	0.0	0.0	0.0	0	0:00:22.938900
6280	8	-1	0.0	0.0	0.0	0.0	0.0	0.0	0.0	0.0	0.0	0.0	0.0	0.0	0.0	0.0	0	0:00:22.932063
6300	1	1	0.582	0.444	0.313	0.202	0.118	0.0617	0.0285	0.582	0.385	0.214	0.0979	0.0364	0.0109	0.00261	1	0:00:37.190320
6320	0	0	0.717	0.598	0.462	0.326	0.206	0.115	0.0553	0.717	0.53	0.335	0.178	0.0771	0.0271	0.00766	1	0:00:37.048426
6340	3	3	0.613	0.534	0.445	0.349	0.251	0.161	0.0895	0.612	0.415	0.237	0.112	0.0432	0.0134	0.00332	1	0:00:37.169265
6360	2	-1	0.0	0.0	0.0	0.0	0.0	0.0	0.0	0.0	0.0	0.0	0.0	0.0	0.0	0.0	0	0:00:22.795191
6380	3	-1	0.0	0.0	0.0	0.0	0.0	0.0	0.0	0.0	0.0	0.0	0.0	0.0	0.0	0.0	0	0:00:22.879911
6400	0	-1	0.0	0.0	0.0	0.0	0.0	0.0	0.0	0.0	0.0	0.0	0.0	0.0	0.0	0.0	0	0:00:22.890314
6420	7	7	0.967	0.933	0.868	0.757	0.601	0.419	0.25	0.967	0.909	0.799	0.632	0.435	0.253	0.122	1	0:00:37.244378
6440	3	-1	0.0	0.0	0.0	0.0	0.0	0.0	0.0	0.0	0.0	0.0	0.0	0.0	0.0	0.0	0	0:00:22.826730
6460	3	-1	0.0	0.0	0.0	0.0	0.0	0.0	0.0	0.0	0.0	0.0	0.0	0.0	0.0	0.0	0	0:00:22.880345
6480	0	0	0.703	0.586	0.456	0.326	0.212	0.122	0.061	0.703	0.513	0.32	0.166	0.071	0.0245	0.00679	1	0:00:37.008651
6500	7	-1	0.0	0.0	0.0	0.0	0.0	0.0	0.0	0.0	0.0	0.0	0.0	0.0	0.0	0.0	0	0:00:22.777732
6520	6	-1	0.0	0.0	0.0	0.0	0.0	0.0	0.0	0.0	0.0	0.0	0.0	0.0	0.0	0.0	0	0:00:22.848360
6540	8	8	0.846	0.743	0.607	0.452	0.301	0.176	0.0883	0.846	0.699	0.508	0.316	0.164	0.0695	0.0239	1	0:00:36.878922
6560	6	6	0.555	0.436	0.321	0.22	0.139	0.0791	0.0397	0.555	0.359	0.195	0.0868	0.0314	0.00912	0.00211	1	0:00:36.696732
6580	1	-1	0.0	0.0	0.0	0.0	0.0	0.0	0.0	0.0	0.0	0.0	0.0	0.0	0.0	0.0	0	0:00:22.770111
6600	7	7	0.976	0.947	0.887	0.781	0.625	0.441	0.266	0.976	0.931	0.837	0.685	0.492	0.302	0.154	1	0:00:36.649009
6620	7	7	0.916	0.852	0.754	0.619	0.46	0.3	0.168	0.916	0.811	0.648	0.452	0.268	0.131	0.0526	1	0:00:36.665220
6640	5	3	0.693	0.606	0.504	0.392	0.278	0.176	0.0966	0.692	0.501	0.309	0.159	0.0671	0.0229	0.00625	0	0:00:36.694304
6660	0	0	0.864	0.79	0.687	0.556	0.409	0.265	0.149	0.864	0.726	0.54	0.345	0.184	0.0808	0.0287	1	0:00:37.462146
6680	3	3	0.515	0.437	0.356	0.274	0.195	0.124	0.0687	0.514	0.321	0.167	0.0714	0.0247	0.00684	0.00151	1	0:00:37.396975
6700	6	6	0.543	0.398	0.266	0.16	0.0865	0.0415	0.0175	0.543	0.347	0.186	0.0819	0.0292	0.00837	0.00191	1	0:00:36.981242
6720	2	2	0.562	0.476	0.388	0.3	0.214	0.137	0.0769	0.562	0.365	0.199	0.0895	0.0326	0.00954	0.00223	1	0:00:36.990979
6740	2	2	0.547	0.455	0.363	0.273	0.19	0.119	0.0653	0.546	0.351	0.188	0.0832	0.0298	0.00857	0.00196	1	0:00:37.012203
6760	5	5	0.809	0.735	0.64	0.523	0.39	0.258	0.148	0.809	0.646	0.45	0.265	0.13	0.0519	0.0167	1	0:00:36.956502
6780	7	7	0.969	0.934	0.865	0.75	0.589	0.407	0.24	0.97	0.915	0.809	0.646	0.45	0.266	0.13	1	0:00:36.992769
6800	6	-1	0.0	0.0	0.0	0.0	0.0	0.0	0.0	0.0	0.0	0.0	0.0	0.0	0.0	0.0	0	0:00:22.731703
6820	1	1	0.988	0.965	0.911	0.809	0.653	0.463	0.28	0.988	0.96	0.895	0.775	0.6	0.403	0.228	1	0:00:37.210499
6840	9	9	0.813	0.706	0.572	0.425	0.283	0.166	0.0844	0.813	0.651	0.455	0.27	0.133	0.0534	0.0173	1	0:00:37.114744
6860	0	0	0.614	0.495	0.373	0.26	0.165	0.094	0.0469	0.614	0.417	0.239	0.113	0.0437	0.0136	0.00337	1	0:00:36.975683
6880	2	2	0.684	0.575	0.452	0.328	0.215	0.125	0.063	0.684	0.491	0.301	0.154	0.0641	0.0216	0.00584	1	0:00:36.634442
6900	3	-1	0.0	0.0	0.0	0.0	0.0	0.0	0.0	0.0	0.0	0.0	0.0	0.0	0.0	0.0	0	0:00:22.712730
6920	5	-1	0.0	0.0	0.0	0.0	0.0	0.0	0.0	0.0	0.0	0.0	0.0	0.0	0.0	0.0	0	0:00:22.789850
6940	1	1	0.993	0.976	0.932	0.84	0.691	0.5	0.309	0.993	0.975	0.928	0.831	0.677	0.484	0.295	1	0:00:36.888694
6960	9	-1	0.0	0.0	0.0	0.0	0.0	0.0	0.0	0.0	0.0	0.0	0.0	0.0	0.0	0.0	0	0:00:22.768782
6980	0	-1	0.0	0.0	0.0	0.0	0.0	0.0	0.0	0.0	0.0	0.0	0.0	0.0	0.0	0.0	0	0:00:22.863205
7000	2	-1	0.0	0.0	0.0	0.0	0.0	0.0	0.0	0.0	0.0	0.0	0.0	0.0	0.0	0.0	0	0:00:22.866015
7020	7	7	0.98	0.95	0.887	0.775	0.614	0.427	0.253	0.98	0.939	0.853	0.709	0.52	0.326	0.171	1	0:00:36.808284
7040	7	-1	0.0	0.0	0.0	0.0	0.0	0.0	0.0	0.0	0.0	0.0	0.0	0.0	0.0	0.0	0	0:00:22.772344
7060	8	8	0.809	0.699	0.561	0.41	0.268	0.154	0.0758	0.809	0.645	0.449	0.265	0.13	0.0518	0.0167	1	0:00:36.757733
7080	5	-1	0.0	0.0	0.0	0.0	0.0	0.0	0.0	0.0	0.0	0.0	0.0	0.0	0.0	0.0	0	0:00:22.751089
7100	9	-1	0.0	0.0	0.0	0.0	0.0	0.0	0.0	0.0	0.0	0.0	0.0	0.0	0.0	0.0	0	0:00:22.816378
7120	7	5	0.562	0.45	0.336	0.231	0.145	0.0812	0.04	0.562	0.365	0.199	0.0895	0.0326	0.00954	0.00223	0	0:00:36.734417
7140	4	-1	0.0	0.0	0.0	0.0	0.0	0.0	0.0	0.0	0.0	0.0	0.0	0.0	0.0	0.0	0	0:00:22.846130
7160	5	5	0.77	0.679	0.566	0.438	0.308	0.191	0.103	0.77	0.595	0.397	0.223	0.104	0.0392	0.0119	1	0:00:37.105263
7180	6	6	0.737	0.628	0.504	0.376	0.255	0.154	0.0815	0.737	0.553	0.357	0.193	0.086	0.031	0.00899	1	0:00:37.110153
7200	4	-1	0.0	0.0	0.0	0.0	0.0	0.0	0.0	0.0	0.0	0.0	0.0	0.0	0.0	0.0	0	0:00:22.749027
7220	9	9	0.882	0.798	0.68	0.533	0.375	0.232	0.123	0.882	0.754	0.574	0.377	0.208	0.0944	0.0348	1	0:00:37.212451
7240	0	-1	0.0	0.0	0.0	0.0	0.0	0.0	0.0	0.0	0.0	0.0	0.0	0.0	0.0	0.0	0	0:00:22.844521
7260	1	1	0.715	0.573	0.419	0.276	0.162	0.0838	0.0378	0.715	0.527	0.333	0.176	0.0762	0.0267	0.00752	1	0:00:37.041591
7280	1	9	0.611	0.49	0.369	0.257	0.164	0.0933	0.0467	0.611	0.413	0.236	0.111	0.0428	0.0132	0.00327	0	0:00:37.051259
7300	3	4	0.604	0.486	0.367	0.257	0.165	0.0953	0.0483	0.604	0.406	0.231	0.108	0.0412	0.0126	0.0031	0	0:00:37.157731
7320	8	8	0.716	0.583	0.436	0.296	0.179	0.0957	0.0445	0.716	0.529	0.334	0.177	0.0767	0.027	0.0076	1	0:00:37.012906
7340	2	-1	0.0	0.0	0.0	0.0	0.0	0.0	0.0	0.0	0.0	0.0	0.0	0.0	0.0	0.0	0	0:00:22.787522
7360	2	-1	0.0	0.0	0.0	0.0	0.0	0.0	0.0	0.0	0.0	0.0	0.0	0.0	0.0	0.0	0	0:00:22.861906
7380	7	7	0.75	0.648	0.529	0.402	0.279	0.172	0.0923	0.75	0.569	0.372	0.204	0.0924	0.0339	0.01	1	0:00:36.894880
7400	3	3	0.589	0.519	0.439	0.35	0.256	0.167	0.0945	0.588	0.391	0.218	0.101	0.0377	0.0114	0.00274	1	0:00:36.668278
7420	3	-1	0.0	0.0	0.0	0.0	0.0	0.0	0.0	0.0	0.0	0.0	0.0	0.0	0.0	0.0	0	0:00:22.723372
7440	3	3	0.524	0.439	0.351	0.264	0.183	0.114	0.0615	0.523	0.329	0.173	0.0747	0.0261	0.00731	0.00163	1	0:00:36.803862
7460	5	5	0.903	0.84	0.745	0.617	0.464	0.308	0.176	0.903	0.788	0.618	0.421	0.242	0.115	0.0445	1	0:00:36.972827
7480	1	8	0.729	0.607	0.47	0.333	0.212	0.119	0.0582	0.729	0.544	0.348	0.187	0.0822	0.0294	0.00842	0	0:00:36.936234
7500	6	6	0.991	0.972	0.926	0.832	0.682	0.491	0.303	0.991	0.969	0.914	0.807	0.643	0.447	0.263	1	0:00:36.635760
7520	4	-1	0.0	0.0	0.0	0.0	0.0	0.0	0.0	0.0	0.0	0.0	0.0	0.0	0.0	0.0	0	0:00:22.688704
7540	5	5	0.936	0.887	0.806	0.685	0.529	0.36	0.21	0.936	0.846	0.699	0.508	0.316	0.164	0.0695	1	0:00:36.756390
7560	0	0	0.568	0.446	0.327	0.223	0.138	0.0771	0.0379	0.568	0.371	0.204	0.0919	0.0337	0.00993	0.00233	1	0:00:36.578860
7580	8	8	0.929	0.868	0.77	0.633	0.468	0.303	0.168	0.929	0.833	0.679	0.486	0.297	0.151	0.0625	1	0:00:36.877265
7600	8	-1	0.0	0.0	0.0	0.0	0.0	0.0	0.0	0.0	0.0	0.0	0.0	0.0	0.0	0.0	0	0:00:22.752871
7620	5	-1	0.0	0.0	0.0	0.0	0.0	0.0	0.0	0.0	0.0	0.0	0.0	0.0	0.0	0.0	0	0:00:22.856124
7640	9	-1	0.0	0.0	0.0	0.0	0.0	0.0	0.0	0.0	0.0	0.0	0.0	0.0	0.0	0.0	0	0:00:22.876813
7660	7	-1	0.0	0.0	0.0	0.0	0.0	0.0	0.0	0.0	0.0	0.0	0.0	0.0	0.0	0.0	0	0:00:22.931217
7680	3	-1	0.0	0.0	0.0	0.0	0.0	0.0	0.0	0.0	0.0	0.0	0.0	0.0	0.0	0.0	0	0:00:22.906824
7700	6	6	0.853	0.769	0.658	0.523	0.377	0.241	0.133	0.853	0.709	0.52	0.326	0.171	0.0736	0.0256	1	0:00:37.244820
7720	5	-1	0.0	0.0	0.0	0.0	0.0	0.0	0.0	0.0	0.0	0.0	0.0	0.0	0.0	0.0	0	0:00:22.847843
7740	4	-1	0.0	0.0	0.0	0.0	0.0	0.0	0.0	0.0	0.0	0.0	0.0	0.0	0.0	0.0	0	0:00:22.861809
7760	2	9	0.511	0.37	0.244	0.146	0.078	0.0372	0.0157	0.511	0.318	0.165	0.0703	0.0242	0.00669	0.00147	0	0:00:37.100733
7780	3	-1	0.0	0.0	0.0	0.0	0.0	0.0	0.0	0.0	0.0	0.0	0.0	0.0	0.0	0.0	0	0:00:22.833343
7800	0	0	0.788	0.71	0.61	0.491	0.361	0.235	0.133	0.788	0.618	0.421	0.242	0.115	0.0446	0.0139	1	0:00:36.963009
7820	5	-1	0.0	0.0	0.0	0.0	0.0	0.0	0.0	0.0	0.0	0.0	0.0	0.0	0.0	0.0	0	0:00:22.818457
7840	1	1	0.97	0.936	0.869	0.756	0.596	0.414	0.245	0.97	0.917	0.812	0.651	0.455	0.27	0.133	1	0:00:37.011154
7860	8	8	0.589	0.446	0.31	0.195	0.11	0.0558	0.0248	0.589	0.391	0.219	0.101	0.0379	0.0114	0.00276	1	0:00:36.832999
7880	0	0	0.524	0.405	0.292	0.194	0.118	0.0639	0.0306	0.524	0.33	0.174	0.075	0.0262	0.00735	0.00164	1	0:00:36.609933
7900	0	-1	0.0	0.0	0.0	0.0	0.0	0.0	0.0	0.0	0.0	0.0	0.0	0.0	0.0	0.0	0	0:00:22.715350
7920	9	9	0.519	0.393	0.277	0.18	0.108	0.0583	0.028	0.519	0.326	0.171	0.0732	0.0255	0.0071	0.00158	1	0:00:36.720969
7940	2	-1	0.0	0.0	0.0	0.0	0.0	0.0	0.0	0.0	0.0	0.0	0.0	0.0	0.0	0.0	0	0:00:22.730367
7960	0	0	0.563	0.445	0.329	0.225	0.14	0.0783	0.0384	0.563	0.367	0.2	0.09	0.0328	0.00963	0.00225	1	0:00:37.112360
7980	3	-1	0.0	0.0	0.0	0.0	0.0	0.0	0.0	0.0	0.0	0.0	0.0	0.0	0.0	0.0	0	0:00:22.820451
8000	9	9	0.863	0.781	0.667	0.527	0.375	0.235	0.127	0.863	0.724	0.538	0.343	0.183	0.0801	0.0285	1	0:00:36.900306
8020	6	-1	0.0	0.0	0.0	0.0	0.0	0.0	0.0	0.0	0.0	0.0	0.0	0.0	0.0	0.0	0	0:00:22.748073
8040	2	2	0.82	0.738	0.631	0.504	0.366	0.236	0.131	0.82	0.661	0.467	0.28	0.139	0.0567	0.0186	1	0:00:36.679151
8060	6	6	0.7	0.588	0.465	0.342	0.229	0.137	0.0716	0.7	0.51	0.318	0.165	0.0702	0.0242	0.00667	1	0:00:36.999154
8080	4	-1	0.0	0.0	0.0	0.0	0.0	0.0	0.0	0.0	0.0	0.0	0.0	0.0	0.0	0.0	0	0:00:22.717767
8100	6	-1	0.0	0.0	0.0	0.0	0.0	0.0	0.0	0.0	0.0	0.0	0.0	0.0	0.0	0.0	0	0:00:22.783325
8120	8	9	0.77	0.656	0.522	0.38	0.25	0.145	0.0728	0.77	0.594	0.397	0.223	0.104	0.0391	0.0119	0	0:00:36.734233
8140	5	-1	0.0	0.0	0.0	0.0	0.0	0.0	0.0	0.0	0.0	0.0	0.0	0.0	0.0	0.0	0	0:00:22.716006
8160	6	6	0.865	0.781	0.666	0.524	0.373	0.234	0.126	0.865	0.726	0.541	0.345	0.185	0.081	0.0288	1	0:00:36.641117
8180	4	-1	0.0	0.0	0.0	0.0	0.0	0.0	0.0	0.0	0.0	0.0	0.0	0.0	0.0	0.0	0	0:00:22.757819
8200	3	-1	0.0	0.0	0.0	0.0	0.0	0.0	0.0	0.0	0.0	0.0	0.0	0.0	0.0	0.0	0	0:00:22.778501
8220	6	-1	0.0	0.0	0.0	0.0	0.0	0.0	0.0	0.0	0.0	0.0	0.0	0.0	0.0	0.0	0	0:00:22.819919
8240	7	7	0.979	0.95	0.891	0.784	0.627	0.441	0.265	0.979	0.937	0.848	0.701	0.511	0.318	0.165	1	0:00:36.515723
8260	1	1	0.992	0.974	0.928	0.834	0.684	0.494	0.304	0.992	0.971	0.919	0.815	0.654	0.459	0.273	1	0:00:36.601873
8280	4	-1	0.0	0.0	0.0	0.0	0.0	0.0	0.0	0.0	0.0	0.0	0.0	0.0	0.0	0.0	0	0:00:22.817909
8300	5	-1	0.0	0.0	0.0	0.0	0.0	0.0	0.0	0.0	0.0	0.0	0.0	0.0	0.0	0.0	0	0:00:22.774602
8320	7	-1	0.0	0.0	0.0	0.0	0.0	0.0	0.0	0.0	0.0	0.0	0.0	0.0	0.0	0.0	0	0:00:22.846348
8340	5	3	0.563	0.49	0.41	0.324	0.236	0.154	0.0871	0.562	0.366	0.199	0.0895	0.0326	0.00955	0.00223	0	0:00:36.643164
8360	7	7	0.962	0.923	0.851	0.734	0.575	0.396	0.233	0.962	0.898	0.78	0.607	0.41	0.233	0.11	1	0:00:36.460246
8380	9	9	0.864	0.787	0.684	0.553	0.407	0.265	0.149	0.864	0.725	0.539	0.344	0.183	0.0804	0.0285	1	0:00:36.360329
8400	0	-1	0.0	0.0	0.0	0.0	0.0	0.0	0.0	0.0	0.0	0.0	0.0	0.0	0.0	0.0	0	0:00:22.691918
8420	3	6	0.603	0.486	0.367	0.257	0.164	0.094	0.0472	0.603	0.406	0.23	0.108	0.041	0.0126	0.00308	0	0:00:36.830080
8440	5	-1	0.0	0.0	0.0	0.0	0.0	0.0	0.0	0.0	0.0	0.0	0.0	0.0	0.0	0.0	0	0:00:22.697689
8460	8	8	0.936	0.882	0.795	0.667	0.506	0.338	0.193	0.936	0.846	0.698	0.507	0.315	0.163	0.0692	1	0:00:36.426525
8480	2	-1	0.0	0.0	0.0	0.0	0.0	0.0	0.0	0.0	0.0	0.0	0.0	0.0	0.0	0.0	0	0:00:22.711799
8500	4	4	0.674	0.585	0.483	0.373	0.263	0.166	0.0904	0.674	0.48	0.291	0.147	0.0607	0.0202	0.0054	1	0:00:36.525512
8520	8	8	0.612	0.478	0.344	0.224	0.131	0.0684	0.0312	0.612	0.415	0.237	0.112	0.0432	0.0134	0.00332	1	0:00:36.427107
8540	4	-1	0.0	0.0	0.0	0.0	0.0	0.0	0.0	0.0	0.0	0.0	0.0	0.0	0.0	0.0	0	0:00:22.698564
8560	7	7	0.886	0.81	0.701	0.562	0.406	0.258	0.141	0.886	0.759	0.581	0.384	0.213	0.0976	0.0363	1	0:00:36.456735
8580	3	-1	0.0	0.0	0.0	0.0	0.0	0.0	0.0	0.0	0.0	0.0	0.0	0.0	0.0	0.0	0	0:00:22.709480
8600	3	-1	0.0	0.0	0.0	0.0	0.0	0.0	0.0	0.0	0.0	0.0	0.0	0.0	0.0	0.0	0	0:00:22.756969
8620	3	-1	0.0	0.0	0.0	0.0	0.0	0.0	0.0	0.0	0.0	0.0	0.0	0.0	0.0	0.0	0	0:00:22.800416
8640	1	1	0.865	0.785	0.674	0.537	0.387	0.246	0.135	0.865	0.727	0.542	0.346	0.185	0.0815	0.029	1	0:00:36.798971
8660	7	7	0.874	0.807	0.711	0.585	0.437	0.288	0.164	0.874	0.74	0.557	0.361	0.196	0.0875	0.0317	1	0:00:36.492793
8680	3	-1	0.0	0.0	0.0	0.0	0.0	0.0	0.0	0.0	0.0	0.0	0.0	0.0	0.0	0.0	0	0:00:22.679636
8700	3	3	0.597	0.507	0.411	0.312	0.217	0.134	0.0727	0.596	0.399	0.225	0.104	0.0395	0.012	0.00292	1	0:00:36.542357
8720	2	0	0.921	0.865	0.775	0.646	0.487	0.323	0.183	0.922	0.82	0.661	0.466	0.279	0.139	0.0565	0	0:00:36.347719
8740	2	-1	0.0	0.0	0.0	0.0	0.0	0.0	0.0	0.0	0.0	0.0	0.0	0.0	0.0	0.0	0	0:00:22.714429
8760	8	8	0.977	0.945	0.88	0.766	0.605	0.419	0.247	0.977	0.933	0.841	0.691	0.499	0.308	0.158	1	0:00:36.431929
8780	4	4	0.507	0.409	0.314	0.225	0.148	0.0878	0.0455	0.507	0.314	0.163	0.069	0.0237	0.00651	0.00142	1	0:00:36.484171
8800	0	0	0.935	0.888	0.81	0.692	0.537	0.367	0.215	0.935	0.844	0.696	0.505	0.313	0.162	0.0684	1	0:00:36.452984
8820	2	2	0.988	0.967	0.918	0.821	0.669	0.48	0.294	0.988	0.961	0.896	0.776	0.602	0.405	0.229	1	0:00:36.799989
8840	2	-1	0.0	0.0	0.0	0.0	0.0	0.0	0.0	0.0	0.0	0.0	0.0	0.0	0.0	0.0	0	0:00:22.720958
8860	2	2	0.855	0.763	0.641	0.497	0.348	0.215	0.115	0.855	0.712	0.524	0.33	0.174	0.0749	0.0262	1	0:00:36.631472
8880	1	1	0.917	0.84	0.724	0.573	0.406	0.252	0.134	0.917	0.812	0.65	0.454	0.269	0.132	0.0531	1	0:00:36.631277
8900	2	-1	0.0	0.0	0.0	0.0	0.0	0.0	0.0	0.0	0.0	0.0	0.0	0.0	0.0	0.0	0	0:00:22.805856
8920	6	6	0.755	0.651	0.531	0.403	0.278	0.171	0.0917	0.755	0.576	0.379	0.209	0.0952	0.0352	0.0105	1	0:00:36.388662
8940	6	3	0.69	0.613	0.522	0.418	0.308	0.202	0.114	0.69	0.498	0.307	0.157	0.0662	0.0225	0.00612	0	0:00:36.398734
8960	0	0	0.76	0.674	0.57	0.449	0.323	0.206	0.113	0.76	0.581	0.384	0.213	0.0977	0.0363	0.0109	1	0:00:36.387949
8980	9	9	0.987	0.965	0.913	0.813	0.66	0.471	0.287	0.987	0.958	0.89	0.766	0.589	0.392	0.219	1	0:00:36.473635
9000	8	8	0.992	0.974	0.929	0.836	0.686	0.496	0.306	0.992	0.972	0.92	0.818	0.658	0.463	0.277	1	0:00:36.462138
9020	7	7	0.881	0.782	0.643	0.479	0.316	0.181	0.0882	0.881	0.752	0.571	0.374	0.206	0.0934	0.0344	1	0:00:36.347221
9040	2	-1	0.0	0.0	0.0	0.0	0.0	0.0	0.0	0.0	0.0	0.0	0.0	0.0	0.0	0.0	0	0:00:22.663545
9060	9	9	0.822	0.711	0.572	0.419	0.275	0.159	0.0791	0.822	0.664	0.469	0.282	0.141	0.0573	0.0189	1	0:00:36.522804
9080	3	-1	0.0	0.0	0.0	0.0	0.0	0.0	0.0	0.0	0.0	0.0	0.0	0.0	0.0	0.0	0	0:00:22.748109
9100	9	-1	0.0	0.0	0.0	0.0	0.0	0.0	0.0	0.0	0.0	0.0	0.0	0.0	0.0	0.0	0	0:00:22.816290
9120	3	-1	0.0	0.0	0.0	0.0	0.0	0.0	0.0	0.0	0.0	0.0	0.0	0.0	0.0	0.0	0	0:00:22.879225
9140	7	-1	0.0	0.0	0.0	0.0	0.0	0.0	0.0	0.0	0.0	0.0	0.0	0.0	0.0	0.0	0	0:00:22.816695
9160	5	3	0.53	0.459	0.382	0.299	0.216	0.139	0.0771	0.53	0.335	0.177	0.077	0.0271	0.00764	0.00172	0	0:00:36.418290
9180	5	5	0.933	0.887	0.811	0.696	0.544	0.375	0.222	0.933	0.841	0.691	0.5	0.308	0.158	0.0666	1	0:00:36.490894
9200	8	8	0.923	0.871	0.788	0.666	0.512	0.347	0.201	0.923	0.823	0.665	0.47	0.283	0.141	0.0577	1	0:00:36.497461
9220	8	8	0.972	0.94	0.877	0.769	0.613	0.43	0.258	0.972	0.921	0.819	0.659	0.464	0.278	0.138	1	0:00:36.510130
9240	8	8	0.745	0.636	0.51	0.379	0.255	0.153	0.0794	0.745	0.563	0.366	0.2	0.0898	0.0327	0.00959	1	0:00:36.312495
9260	5	5	0.589	0.502	0.412	0.319	0.228	0.146	0.0811	0.588	0.391	0.219	0.101	0.0378	0.0114	0.00275	1	0:00:36.407449
9280	9	-1	0.0	0.0	0.0	0.0	0.0	0.0	0.0	0.0	0.0	0.0	0.0	0.0	0.0	0.0	0	0:00:22.664009
9300	5	-1	0.0	0.0	0.0	0.0	0.0	0.0	0.0	0.0	0.0	0.0	0.0	0.0	0.0	0.0	0	0:00:22.744312
9320	9	9	0.927	0.86	0.754	0.61	0.443	0.283	0.155	0.927	0.831	0.676	0.483	0.293	0.148	0.0614	1	0:00:36.455573
9340	1	1	0.993	0.976	0.931	0.838	0.688	0.498	0.307	0.993	0.975	0.927	0.829	0.674	0.481	0.292	1	0:00:36.751769
9360	5	-1	0.0	0.0	0.0	0.0	0.0	0.0	0.0	0.0	0.0	0.0	0.0	0.0	0.0	0.0	0	0:00:22.742138
9380	5	3	0.629	0.54	0.44	0.335	0.232	0.144	0.0769	0.628	0.431	0.25	0.12	0.0471	0.0149	0.00376	0	0:00:37.259883
9400	6	6	0.72	0.615	0.496	0.372	0.254	0.155	0.0821	0.72	0.533	0.338	0.179	0.0781	0.0276	0.00781	1	0:00:36.930014
9420	5	5	0.789	0.709	0.609	0.49	0.359	0.234	0.132	0.789	0.619	0.422	0.243	0.115	0.0448	0.014	1	0:00:37.024456
9440	8	8	0.977	0.946	0.881	0.769	0.608	0.423	0.251	0.977	0.933	0.84	0.69	0.498	0.307	0.158	1	0:00:36.413434
9460	3	7	0.569	0.456	0.345	0.244	0.158	0.0921	0.0472	0.569	0.372	0.204	0.0924	0.0339	0.01	0.00236	0	0:00:36.442575
9480	2	-1	0.0	0.0	0.0	0.0	0.0	0.0	0.0	0.0	0.0	0.0	0.0	0.0	0.0	0.0	0	0:00:22.669652
9500	9	9	0.757	0.641	0.507	0.368	0.242	0.141	0.0713	0.757	0.578	0.38	0.211	0.096	0.0356	0.0106	1	0:00:36.536124
9520	1	1	0.81	0.711	0.587	0.448	0.309	0.189	0.0999	0.81	0.647	0.451	0.267	0.131	0.0523	0.0169	1	0:00:36.518094
9540	5	5	0.557	0.451	0.346	0.249	0.166	0.0993	0.0523	0.556	0.36	0.195	0.0872	0.0316	0.00918	0.00213	1	0:00:36.614446
9560	9	7	0.57	0.432	0.302	0.194	0.114	0.06	0.0281	0.57	0.373	0.205	0.093	0.0342	0.0101	0.00238	0	0:00:36.278916
9580	1	1	0.812	0.689	0.538	0.379	0.237	0.129	0.0605	0.812	0.65	0.454	0.269	0.132	0.0531	0.0172	1	0:00:36.379419
9600	8	8	0.798	0.685	0.546	0.398	0.26	0.15	0.0744	0.798	0.631	0.434	0.253	0.122	0.0479	0.0152	1	0:00:36.413539
9620	4	4	0.655	0.531	0.399	0.275	0.171	0.094	0.0451	0.655	0.46	0.274	0.135	0.0546	0.0178	0.00464	1	0:00:36.568060
9640	5	-1	0.0	0.0	0.0	0.0	0.0	0.0	0.0	0.0	0.0	0.0	0.0	0.0	0.0	0.0	0	0:00:22.713926
9660	6	6	0.987	0.966	0.916	0.819	0.666	0.477	0.292	0.987	0.959	0.893	0.77	0.595	0.397	0.224	1	0:00:36.516706
9680	8	8	0.957	0.917	0.846	0.731	0.573	0.396	0.234	0.957	0.888	0.762	0.585	0.387	0.216	0.0991	1	0:00:36.398190
9700	0	0	0.821	0.736	0.625	0.494	0.355	0.225	0.124	0.821	0.662	0.467	0.28	0.14	0.0568	0.0187	1	0:00:36.536973
9720	8	-1	0.0	0.0	0.0	0.0	0.0	0.0	0.0	0.0	0.0	0.0	0.0	0.0	0.0	0.0	0	0:00:22.689748
9740	3	-1	0.0	0.0	0.0	0.0	0.0	0.0	0.0	0.0	0.0	0.0	0.0	0.0	0.0	0.0	0	0:00:22.880623
9760	9	-1	0.0	0.0	0.0	0.0	0.0	0.0	0.0	0.0	0.0	0.0	0.0	0.0	0.0	0.0	0	0:00:22.817119
9780	4	-1	0.0	0.0	0.0	0.0	0.0	0.0	0.0	0.0	0.0	0.0	0.0	0.0	0.0	0.0	0	0:00:22.859360
9800	1	1	0.994	0.977	0.934	0.842	0.694	0.503	0.311	0.994	0.977	0.933	0.84	0.69	0.498	0.307	1	0:00:36.549527
9820	0	8	0.581	0.447	0.318	0.207	0.123	0.0658	0.031	0.581	0.384	0.213	0.0976	0.0363	0.0109	0.00259	0	0:00:37.132273
9840	4	-1	0.0	0.0	0.0	0.0	0.0	0.0	0.0	0.0	0.0	0.0	0.0	0.0	0.0	0.0	0	0:00:22.770645
9860	0	-1	0.0	0.0	0.0	0.0	0.0	0.0	0.0	0.0	0.0	0.0	0.0	0.0	0.0	0.0	0	0:00:22.878229
9880	7	7	0.532	0.389	0.26	0.158	0.0871	0.0429	0.0188	0.532	0.338	0.179	0.0779	0.0275	0.00778	0.00175	1	0:00:37.090080
9900	8	8	0.737	0.611	0.467	0.326	0.204	0.113	0.0541	0.737	0.554	0.358	0.194	0.0862	0.0311	0.00902	1	0:00:37.085568
9920	6	6	0.764	0.662	0.54	0.406	0.276	0.166	0.0861	0.764	0.587	0.39	0.218	0.1	0.0375	0.0113	1	0:00:36.322282
9940	4	-1	0.0	0.0	0.0	0.0	0.0	0.0	0.0	0.0	0.0	0.0	0.0	0.0	0.0	0.0	0	0:00:22.721202
9960	2	0	0.924	0.871	0.786	0.663	0.508	0.343	0.199	0.924	0.825	0.668	0.474	0.286	0.143	0.0588	0	0:00:36.643796
9980	0	0	0.973	0.944	0.884	0.778	0.623	0.438	0.264	0.973	0.924	0.824	0.667	0.472	0.285	0.142	1	0:00:37.051807
