idx	label	predict	exp_cdf_00	exp_cdf_25	exp_cdf_50	exp_cdf_75	exp_cdf_100	exp_cdf_125	exp_cdf_150	exp_00	exp_25	exp_50	exp_75	exp_100	exp_125	exp_150	correct	time
0	3	3	0.704	0.52	0.292	0.102	0.0185	0.00151	5.15e-05	0.704	0.321	0.0716	0.00686	0.000266	4.02e-06	2.32e-08	1	0:00:36.422521
20	7	-1	0.0	0.0	0.0	0.0	0.0	0.0	0.0	0.0	0.0	0.0	0.0	0.0	0.0	0.0	0	0:00:22.537412
40	4	4	0.787	0.55	0.276	0.0848	0.0137	0.00102	3.26e-05	0.787	0.419	0.114	0.0137	0.000677	1.31e-05	9.73e-08	1	0:00:37.554675
60	7	7	0.987	0.915	0.666	0.292	0.0626	0.00579	0.000217	0.987	0.889	0.587	0.218	0.0375	0.00272	7.83e-05	1	0:00:37.387404
80	8	8	0.977	0.88	0.607	0.25	0.0503	0.00441	0.000158	0.977	0.838	0.495	0.156	0.0221	0.0013	3.01e-05	1	0:00:37.552077
100	4	-1	0.0	0.0	0.0	0.0	0.0	0.0	0.0	0.0	0.0	0.0	0.0	0.0	0.0	0.0	0	0:00:22.827305
120	8	8	0.623	0.34	0.124	0.028	0.0035	0.000217	6.05e-06	0.623	0.246	0.0459	0.00361	0.000114	1.39e-06	6.49e-09	1	0:00:37.939980
140	6	6	0.673	0.377	0.141	0.032	0.00406	0.000257	7.31e-06	0.673	0.29	0.0603	0.00535	0.000191	2.65e-06	1.41e-08	1	0:00:36.611415
160	2	2	0.874	0.698	0.415	0.149	0.0272	0.00221	7.5e-05	0.874	0.558	0.197	0.0319	0.00216	5.82e-05	6.06e-07	1	0:00:36.911399
180	0	0	0.813	0.641	0.384	0.142	0.0267	0.00224	7.79e-05	0.813	0.456	0.133	0.0174	0.000933	1.97e-05	1.6e-07	1	0:00:37.069803
200	5	5	0.667	0.487	0.279	0.102	0.0194	0.00165	5.84e-05	0.667	0.284	0.0583	0.00509	0.000179	2.44e-06	1.28e-08	1	0:00:37.154645
220	7	7	0.593	0.33	0.129	0.0319	0.00441	0.000298	8.9e-06	0.593	0.222	0.0387	0.00284	8.31e-05	9.42e-07	4.07e-09	1	0:00:37.637124
240	1	1	0.994	0.936	0.698	0.315	0.0693	0.00656	0.00025	0.994	0.936	0.698	0.315	0.0693	0.00656	0.00025	1	0:00:38.228392
260	8	8	0.946	0.786	0.47	0.163	0.0278	0.00211	6.66e-05	0.946	0.728	0.347	0.0819	0.00837	0.000346	5.6e-06	1	0:00:37.501684
280	9	9	0.759	0.506	0.239	0.0699	0.0109	0.000802	2.54e-05	0.759	0.384	0.0976	0.0109	0.000491	8.72e-06	5.94e-08	1	0:00:37.422946
300	6	6	0.99	0.921	0.673	0.297	0.0638	0.00591	0.000221	0.99	0.905	0.622	0.246	0.0457	0.00359	0.000113	1	0:00:37.280778
320	3	3	0.617	0.406	0.202	0.0639	0.0108	0.000838	2.76e-05	0.617	0.241	0.0444	0.00345	0.000107	1.29e-06	5.92e-09	1	0:00:37.597229
340	2	4	0.582	0.34	0.141	0.0369	0.00527	0.000362	1.09e-05	0.582	0.214	0.0364	0.0026	7.42e-05	8.18e-07	3.44e-09	0	0:00:37.985565
360	9	9	0.94	0.777	0.463	0.162	0.0281	0.00217	7.01e-05	0.94	0.712	0.329	0.0747	0.00731	0.000289	4.46e-06	1	0:00:38.194852
380	6	6	0.848	0.628	0.332	0.106	0.0173	0.0013	4.16e-05	0.848	0.511	0.166	0.0243	0.00148	3.57e-05	3.32e-07	1	0:00:37.694231
400	9	9	0.966	0.855	0.574	0.23	0.0455	0.00392	0.000139	0.966	0.797	0.432	0.121	0.015	0.000762	1.52e-05	1	0:00:37.106821
420	4	4	0.941	0.803	0.515	0.198	0.0381	0.00322	0.000113	0.941	0.715	0.332	0.0759	0.00749	0.000298	4.65e-06	1	0:00:37.158114
440	1	1	0.972	0.865	0.584	0.235	0.0465	0.00402	0.000142	0.972	0.818	0.464	0.138	0.0183	0.000998	2.15e-05	1	0:00:38.033713
460	5	5	0.903	0.741	0.453	0.167	0.0309	0.00255	8.73e-05	0.903	0.617	0.242	0.0445	0.00346	0.000107	1.29e-06	1	0:00:38.186324
480	8	9	0.665	0.392	0.159	0.0397	0.00543	0.000361	1.06e-05	0.665	0.283	0.0578	0.00504	0.000176	2.4e-06	1.25e-08	0	0:00:37.173269
500	4	-1	0.0	0.0	0.0	0.0	0.0	0.0	0.0	0.0	0.0	0.0	0.0	0.0	0.0	0.0	0	0:00:22.721264
520	5	5	0.912	0.764	0.484	0.187	0.036	0.00307	0.000108	0.912	0.639	0.26	0.05	0.00409	0.000134	1.71e-06	1	0:00:37.253349
540	1	1	0.979	0.884	0.61	0.25	0.05	0.00434	0.000153	0.979	0.848	0.511	0.166	0.0243	0.00148	3.57e-05	1	0:00:37.499887
560	0	0	0.994	0.935	0.697	0.314	0.0691	0.00653	0.000249	0.994	0.933	0.691	0.309	0.0668	0.00621	0.000233	1	0:00:37.627421
580	4	4	0.715	0.491	0.25	0.08	0.0135	0.00106	3.5e-05	0.715	0.333	0.0761	0.00751	0.0003	4.67e-06	2.79e-08	1	0:00:38.170341
600	8	8	0.802	0.586	0.313	0.103	0.0176	0.00138	4.54e-05	0.802	0.44	0.125	0.0158	0.000815	1.66e-05	1.3e-07	1	0:00:38.526458
620	7	7	0.98	0.893	0.63	0.266	0.055	0.00492	0.000179	0.98	0.852	0.518	0.17	0.0253	0.00156	3.82e-05	1	0:00:37.612869
640	5	3	0.829	0.689	0.446	0.178	0.0358	0.00316	0.000114	0.829	0.48	0.147	0.0202	0.00115	2.57e-05	2.22e-07	0	0:00:37.913743
660	9	9	0.796	0.559	0.282	0.0875	0.0143	0.00108	3.46e-05	0.796	0.432	0.121	0.0149	0.000757	1.51e-05	1.16e-07	1	0:00:37.698770
680	9	9	0.742	0.532	0.286	0.0964	0.0169	0.00136	4.57e-05	0.742	0.363	0.0884	0.00936	0.000403	6.78e-06	4.38e-08	1	0:00:37.653522
700	7	7	0.99	0.921	0.674	0.298	0.0641	0.00595	0.000223	0.99	0.905	0.622	0.245	0.0456	0.00358	0.000113	1	0:00:37.560175
720	4	4	0.637	0.342	0.116	0.0225	0.00228	0.000113	2.57e-06	0.637	0.258	0.0496	0.00404	0.000132	1.67e-06	8.07e-09	1	0:00:37.591331
740	2	5	0.764	0.601	0.369	0.142	0.0279	0.00243	8.74e-05	0.764	0.39	0.1	0.0113	0.000519	9.34e-06	6.45e-08	0	0:00:37.196604
760	3	3	0.64	0.398	0.178	0.0498	0.00748	0.00053	1.62e-05	0.64	0.261	0.0503	0.00412	0.000135	1.73e-06	8.42e-09	1	0:00:37.234917
780	9	9	0.99	0.922	0.673	0.296	0.0636	0.00588	0.00022	0.99	0.909	0.632	0.254	0.0481	0.00387	0.000125	1	0:00:38.080387
800	7	7	0.994	0.936	0.698	0.315	0.0693	0.00655	0.00025	0.994	0.935	0.698	0.315	0.0691	0.00653	0.000249	1	0:00:37.862947
820	6	6	0.584	0.352	0.158	0.0462	0.00738	0.000557	1.8e-05	0.583	0.215	0.0368	0.00264	7.55e-05	8.37e-07	3.53e-09	1	0:00:37.175586
840	7	7	0.994	0.935	0.697	0.315	0.0692	0.00654	0.000249	0.994	0.934	0.694	0.311	0.0679	0.00636	0.00024	1	0:00:37.192877
860	4	4	0.518	0.291	0.122	0.034	0.00527	0.000392	1.26e-05	0.518	0.17	0.0253	0.00156	3.83e-05	3.62e-07	1.3e-09	1	0:00:37.213524
880	8	8	0.99	0.922	0.673	0.295	0.0631	0.00582	0.000217	0.99	0.91	0.634	0.255	0.0487	0.00394	0.000127	1	0:00:37.262549
900	2	-1	0.0	0.0	0.0	0.0	0.0	0.0	0.0	0.0	0.0	0.0	0.0	0.0	0.0	0.0	0	0:00:22.842831
920	6	6	0.804	0.585	0.309	0.0997	0.0167	0.00128	4.14e-05	0.804	0.443	0.127	0.0161	0.000838	1.72e-05	1.36e-07	1	0:00:38.294920
940	9	9	0.979	0.886	0.616	0.256	0.0522	0.00462	0.000166	0.979	0.849	0.513	0.167	0.0246	0.0015	3.63e-05	1	0:00:37.869790
960	9	9	0.696	0.417	0.171	0.0433	0.00603	0.000407	1.22e-05	0.696	0.313	0.0685	0.00645	0.000244	3.62e-06	2.05e-08	1	0:00:37.892267
980	2	-1	0.0	0.0	0.0	0.0	0.0	0.0	0.0	0.0	0.0	0.0	0.0	0.0	0.0	0.0	0	0:00:22.780836
1000	5	5	0.992	0.929	0.688	0.308	0.067	0.00629	0.000238	0.992	0.921	0.659	0.278	0.0559	0.0048	0.000165	1	0:00:38.607144
1020	1	1	0.978	0.895	0.64	0.276	0.0585	0.00535	0.000199	0.978	0.844	0.504	0.161	0.0233	0.0014	3.32e-05	1	0:00:38.197675
1040	7	5	0.63	0.381	0.17	0.0499	0.00808	0.000622	2.06e-05	0.63	0.252	0.0477	0.00382	0.000122	1.52e-06	7.24e-09	0	0:00:37.563751
1060	9	9	0.994	0.935	0.698	0.315	0.0693	0.00655	0.00025	0.994	0.935	0.696	0.314	0.0687	0.00646	0.000245	1	0:00:37.722954
1080	6	6	0.83	0.596	0.303	0.0931	0.0149	0.0011	3.46e-05	0.83	0.482	0.148	0.0204	0.00116	2.61e-05	2.26e-07	1	0:00:37.802900
1100	7	0	0.534	0.296	0.118	0.0306	0.00445	0.000314	9.71e-06	0.534	0.18	0.0277	0.00178	4.51e-05	4.43e-07	1.65e-09	0	0:00:37.590604
1120	5	-1	0.0	0.0	0.0	0.0	0.0	0.0	0.0	0.0	0.0	0.0	0.0	0.0	0.0	0.0	0	0:00:22.803589
1140	6	6	0.667	0.401	0.171	0.046	0.00678	0.000479	1.47e-05	0.667	0.285	0.0584	0.00511	0.00018	2.46e-06	1.29e-08	1	0:00:38.031527
1160	8	8	0.966	0.842	0.546	0.209	0.0394	0.00325	0.00011	0.966	0.794	0.429	0.119	0.0147	0.000739	1.47e-05	1	0:00:37.429948
1180	3	3	0.775	0.593	0.345	0.124	0.0227	0.00187	6.4e-05	0.775	0.403	0.106	0.0124	0.000586	1.09e-05	7.79e-08	1	0:00:37.116960
1200	8	8	0.934	0.765	0.451	0.156	0.0269	0.00207	6.65e-05	0.934	0.694	0.311	0.0677	0.00634	0.000239	3.51e-06	1	0:00:37.201655
1220	9	-1	0.0	0.0	0.0	0.0	0.0	0.0	0.0	0.0	0.0	0.0	0.0	0.0	0.0	0.0	0	0:00:22.760016
1240	2	6	0.661	0.416	0.19	0.0552	0.00864	0.000637	2.02e-05	0.661	0.279	0.0565	0.00487	0.000168	2.27e-06	1.17e-08	0	0:00:37.484243
1260	1	1	0.511	0.227	0.0641	0.0112	0.00114	6.17e-05	1.59e-06	0.511	0.165	0.0243	0.00148	3.56e-05	3.31e-07	1.17e-09	1	0:00:37.688250
1280	3	3	0.658	0.471	0.259	0.09	0.0163	0.00133	4.54e-05	0.658	0.277	0.0556	0.00475	0.000163	2.18e-06	1.11e-08	1	0:00:37.163867
1300	4	3	0.687	0.463	0.232	0.0738	0.0125	0.000972	3.22e-05	0.686	0.304	0.065	0.00597	0.000221	3.18e-06	1.75e-08	0	0:00:37.289943
1320	7	7	0.934	0.75	0.42	0.134	0.021	0.00147	4.31e-05	0.934	0.694	0.311	0.0679	0.00636	0.00024	3.53e-06	1	0:00:37.305558
1340	1	1	0.929	0.788	0.506	0.196	0.0379	0.00324	0.000114	0.929	0.679	0.297	0.0625	0.00563	0.000204	2.89e-06	1	0:00:37.563288
1360	7	7	0.746	0.494	0.231	0.0664	0.0101	0.000728	2.26e-05	0.746	0.367	0.0903	0.00966	0.00042	7.15e-06	4.67e-08	1	0:00:37.548768
1380	4	4	0.522	0.265	0.0922	0.0203	0.00255	0.00016	4.55e-06	0.522	0.172	0.0259	0.00162	3.99e-05	3.81e-07	1.38e-09	1	0:00:37.938256
1400	5	-1	0.0	0.0	0.0	0.0	0.0	0.0	0.0	0.0	0.0	0.0	0.0	0.0	0.0	0.0	0	0:00:22.826509
1420	4	4	0.617	0.348	0.133	0.0312	0.004	0.000252	7.09e-06	0.617	0.241	0.0444	0.00345	0.000107	1.29e-06	5.93e-09	1	0:00:37.522499
1440	0	0	0.791	0.543	0.26	0.0745	0.0112	0.000783	2.37e-05	0.791	0.425	0.117	0.0143	0.000712	1.4e-05	1.05e-07	1	0:00:37.582369
1460	6	6	0.986	0.907	0.647	0.276	0.0576	0.00519	0.00019	0.986	0.886	0.581	0.213	0.0363	0.0026	7.39e-05	1	0:00:37.473569
1480	1	1	0.671	0.412	0.176	0.0465	0.00661	0.00045	1.34e-05	0.671	0.289	0.0598	0.00529	0.000188	2.6e-06	1.38e-08	1	0:00:37.446362
1500	1	1	0.977	0.878	0.602	0.246	0.0491	0.00427	0.000151	0.977	0.841	0.499	0.158	0.0227	0.00134	3.15e-05	1	0:00:37.394421
1520	7	7	0.894	0.706	0.407	0.141	0.0248	0.00196	6.49e-05	0.894	0.598	0.226	0.0399	0.00296	8.76e-05	1.01e-06	1	0:00:37.740718
1540	8	8	0.986	0.911	0.659	0.287	0.0607	0.00555	0.000205	0.986	0.883	0.575	0.209	0.0352	0.00248	6.95e-05	1	0:00:37.449229
1560	7	7	0.994	0.936	0.698	0.315	0.0693	0.00656	0.00025	0.994	0.935	0.698	0.315	0.0691	0.00653	0.000249	1	0:00:37.210578
1580	6	-1	0.0	0.0	0.0	0.0	0.0	0.0	0.0	0.0	0.0	0.0	0.0	0.0	0.0	0.0	0	0:00:22.766021
1600	8	-1	0.0	0.0	0.0	0.0	0.0	0.0	0.0	0.0	0.0	0.0	0.0	0.0	0.0	0.0	0	0:00:22.926405
1620	5	-1	0.0	0.0	0.0	0.0	0.0	0.0	0.0	0.0	0.0	0.0	0.0	0.0	0.0	0.0	0	0:00:22.983640
1640	7	-1	0.0	0.0	0.0	0.0	0.0	0.0	0.0	0.0	0.0	0.0	0.0	0.0	0.0	0.0	0	0:00:23.039516
1660	3	3	0.74	0.516	0.264	0.0843	0.0141	0.00109	3.57e-05	0.74	0.36	0.0873	0.00919	0.000393	6.57e-06	4.21e-08	1	0:00:37.438599
1680	6	6	0.827	0.597	0.312	0.101	0.017	0.00132	4.36e-05	0.827	0.477	0.145	0.0199	0.00112	2.49e-05	2.14e-07	1	0:00:37.208317
1700	5	5	0.543	0.325	0.149	0.0452	0.00754	0.000591	1.97e-05	0.543	0.186	0.0292	0.00191	4.97e-05	4.99e-07	1.91e-09	1	0:00:37.169309
1720	4	4	0.902	0.725	0.43	0.153	0.0275	0.00222	7.45e-05	0.902	0.615	0.24	0.0438	0.00339	0.000105	1.25e-06	1	0:00:37.167893
1740	1	1	0.908	0.711	0.394	0.129	0.0212	0.00157	4.95e-05	0.908	0.628	0.25	0.0471	0.00375	0.00012	1.48e-06	1	0:00:37.155440
1760	0	0	0.969	0.854	0.564	0.221	0.0423	0.00354	0.000121	0.969	0.807	0.448	0.129	0.0165	0.000868	1.8e-05	1	0:00:37.131424
1780	7	7	0.918	0.773	0.493	0.19	0.0367	0.00313	0.00011	0.918	0.651	0.27	0.0536	0.00451	0.000152	2e-06	1	0:00:37.402449
1800	4	4	0.799	0.578	0.305	0.0991	0.0167	0.0013	4.24e-05	0.799	0.435	0.123	0.0153	0.000782	1.57e-05	1.22e-07	1	0:00:37.452342
1820	8	8	0.966	0.86	0.586	0.24	0.0484	0.00426	0.000153	0.966	0.794	0.429	0.119	0.0146	0.000737	1.46e-05	1	0:00:37.376372
1840	8	-1	0.0	0.0	0.0	0.0	0.0	0.0	0.0	0.0	0.0	0.0	0.0	0.0	0.0	0.0	0	0:00:22.747964
1860	8	8	0.987	0.919	0.674	0.299	0.0647	0.00604	0.000228	0.987	0.89	0.591	0.22	0.0383	0.00279	8.13e-05	1	0:00:37.500908
1880	1	1	0.994	0.935	0.697	0.314	0.069	0.00652	0.000248	0.994	0.934	0.694	0.311	0.0676	0.00632	0.000238	1	0:00:37.509081
1900	8	8	0.993	0.933	0.692	0.31	0.0677	0.00636	0.000241	0.993	0.931	0.685	0.302	0.0643	0.00588	0.000216	1	0:00:37.363866
1920	2	2	0.991	0.928	0.687	0.308	0.0672	0.00632	0.00024	0.991	0.915	0.644	0.264	0.0515	0.00427	0.000142	1	0:00:37.343411
1940	5	5	0.62	0.425	0.224	0.0756	0.0135	0.0011	3.76e-05	0.619	0.243	0.0449	0.00351	0.000109	1.33e-06	6.12e-09	1	0:00:37.404269
1960	2	-1	0.0	0.0	0.0	0.0	0.0	0.0	0.0	0.0	0.0	0.0	0.0	0.0	0.0	0.0	0	0:00:22.787334
1980	9	9	0.984	0.894	0.621	0.256	0.0513	0.00446	0.000158	0.984	0.874	0.558	0.197	0.0319	0.00216	5.82e-05	1	0:00:37.605101
2000	1	1	0.972	0.869	0.592	0.24	0.0475	0.0041	0.000144	0.972	0.82	0.466	0.139	0.0185	0.00102	2.2e-05	1	0:00:37.194277
2020	9	9	0.994	0.934	0.696	0.314	0.0688	0.00649	0.000247	0.994	0.933	0.691	0.308	0.0667	0.00619	0.000232	1	0:00:37.288138
2040	0	0	0.989	0.919	0.67	0.294	0.0629	0.0058	0.000216	0.989	0.9	0.611	0.236	0.0429	0.00328	0.0001	1	0:00:37.706185
2060	5	3	0.84	0.675	0.413	0.155	0.0294	0.00248	8.67e-05	0.84	0.498	0.157	0.0224	0.00132	3.09e-05	2.78e-07	0	0:00:38.688428
2080	1	9	0.66	0.361	0.13	0.0286	0.00353	0.000219	6.18e-06	0.661	0.279	0.0564	0.00485	0.000168	2.26e-06	1.16e-08	0	0:00:38.632878
2100	2	2	0.863	0.667	0.376	0.128	0.0223	0.00175	5.75e-05	0.863	0.537	0.182	0.0283	0.00182	4.67e-05	4.62e-07	1	0:00:38.593627
2120	4	-1	0.0	0.0	0.0	0.0	0.0	0.0	0.0	0.0	0.0	0.0	0.0	0.0	0.0	0.0	0	0:00:22.973735
2140	9	9	0.994	0.935	0.697	0.315	0.0691	0.00652	0.000249	0.994	0.935	0.696	0.313	0.0685	0.00644	0.000244	1	0:00:38.637348
2160	0	0	0.9	0.669	0.332	0.0925	0.0129	0.000818	2.25e-05	0.9	0.611	0.236	0.0428	0.00328	0.0001	1.19e-06	1	0:00:38.571644
2180	4	4	0.818	0.65	0.394	0.148	0.0281	0.00237	8.3e-05	0.818	0.463	0.137	0.0181	0.000989	2.12e-05	1.76e-07	1	0:00:38.285931
2200	0	0	0.58	0.369	0.176	0.0544	0.00901	0.000695	2.28e-05	0.58	0.212	0.036	0.00256	7.26e-05	7.97e-07	3.34e-09	1	0:00:38.105735
2220	1	1	0.994	0.934	0.696	0.313	0.0687	0.00647	0.000246	0.994	0.933	0.69	0.307	0.0662	0.00613	0.000228	1	0:00:38.325233
2240	9	9	0.73	0.474	0.218	0.0624	0.00955	0.000689	2.15e-05	0.73	0.349	0.0826	0.00848	0.000352	5.73e-06	3.57e-08	1	0:00:37.900694
2260	4	4	0.89	0.729	0.452	0.171	0.0327	0.00277	9.72e-05	0.89	0.591	0.22	0.0383	0.0028	8.13e-05	9.17e-07	1	0:00:38.038716
2280	4	4	0.517	0.299	0.128	0.0357	0.00543	0.000393	1.23e-05	0.517	0.169	0.0252	0.00155	3.79e-05	3.58e-07	1.28e-09	1	0:00:38.069490
2300	3	-1	0.0	0.0	0.0	0.0	0.0	0.0	0.0	0.0	0.0	0.0	0.0	0.0	0.0	0.0	0	0:00:22.713454
2320	5	2	0.914	0.758	0.471	0.177	0.0335	0.00281	9.76e-05	0.914	0.643	0.263	0.0512	0.00423	0.00014	1.8e-06	0	0:00:37.300399
2340	7	7	0.994	0.935	0.698	0.315	0.0692	0.00653	0.000249	0.994	0.935	0.696	0.314	0.0687	0.00647	0.000245	1	0:00:37.537107
2360	7	-1	0.0	0.0	0.0	0.0	0.0	0.0	0.0	0.0	0.0	0.0	0.0	0.0	0.0	0.0	0	0:00:22.775167
2380	8	8	0.975	0.872	0.592	0.239	0.0473	0.00407	0.000143	0.975	0.83	0.482	0.148	0.0204	0.00116	2.61e-05	1	0:00:37.389549
2400	0	0	0.992	0.932	0.694	0.313	0.0686	0.00647	0.000246	0.992	0.92	0.658	0.277	0.0556	0.00476	0.000164	1	0:00:37.084985
2420	8	-1	0.0	0.0	0.0	0.0	0.0	0.0	0.0	0.0	0.0	0.0	0.0	0.0	0.0	0.0	0	0:00:22.745147
2440	7	7	0.992	0.928	0.685	0.305	0.0662	0.00618	0.000233	0.992	0.92	0.658	0.276	0.0554	0.00474	0.000163	1	0:00:37.208058
2460	9	-1	0.0	0.0	0.0	0.0	0.0	0.0	0.0	0.0	0.0	0.0	0.0	0.0	0.0	0.0	0	0:00:22.804668
2480	8	8	0.987	0.91	0.651	0.279	0.0582	0.00525	0.000192	0.987	0.893	0.595	0.224	0.0393	0.0029	8.53e-05	1	0:00:37.161709
2500	4	4	0.523	0.293	0.119	0.0313	0.00454	0.000317	9.69e-06	0.523	0.173	0.026	0.00162	4.02e-05	3.84e-07	1.4e-09	1	0:00:37.120219
2520	1	1	0.611	0.352	0.146	0.039	0.00583	0.00042	1.32e-05	0.611	0.236	0.0429	0.00328	0.0001	1.19e-06	5.39e-09	1	0:00:37.194426
2540	2	-1	0.0	0.0	0.0	0.0	0.0	0.0	0.0	0.0	0.0	0.0	0.0	0.0	0.0	0.0	0	0:00:22.789307
2560	7	7	0.755	0.492	0.223	0.0615	0.00907	0.000635	1.93e-05	0.755	0.379	0.0954	0.0105	0.000469	8.23e-06	5.53e-08	1	0:00:37.249939
2580	6	-1	0.0	0.0	0.0	0.0	0.0	0.0	0.0	0.0	0.0	0.0	0.0	0.0	0.0	0.0	0	0:00:22.775752
2600	8	8	0.988	0.917	0.667	0.293	0.0628	0.0058	0.000217	0.988	0.894	0.597	0.226	0.0398	0.00295	8.73e-05	1	0:00:37.363369
2620	1	1	0.964	0.835	0.534	0.201	0.0369	0.00299	9.95e-05	0.964	0.787	0.419	0.114	0.0138	0.000678	1.31e-05	1	0:00:37.298396
2640	7	7	0.989	0.92	0.674	0.298	0.0641	0.00596	0.000224	0.989	0.901	0.612	0.237	0.0431	0.00331	0.000101	1	0:00:37.306270
2660	3	-1	0.0	0.0	0.0	0.0	0.0	0.0	0.0	0.0	0.0	0.0	0.0	0.0	0.0	0.0	0	0:00:22.716588
2680	0	0	0.991	0.93	0.69	0.31	0.0678	0.00638	0.000242	0.991	0.917	0.65	0.27	0.0533	0.00447	0.000151	1	0:00:37.177858
2700	9	-1	0.0	0.0	0.0	0.0	0.0	0.0	0.0	0.0	0.0	0.0	0.0	0.0	0.0	0.0	0	0:00:22.788771
2720	3	3	0.859	0.656	0.362	0.12	0.0204	0.00157	5.07e-05	0.859	0.531	0.178	0.0273	0.00174	4.39e-05	4.28e-07	1	0:00:37.104080
2740	1	1	0.564	0.284	0.0973	0.0216	0.00278	0.000181	5.32e-06	0.564	0.201	0.0329	0.00226	6.16e-05	6.5e-07	2.62e-09	1	0:00:37.016820
2760	2	2	0.825	0.61	0.329	0.109	0.0186	0.00146	4.81e-05	0.825	0.474	0.143	0.0194	0.00109	2.4e-05	2.04e-07	1	0:00:37.060165
2780	7	7	0.983	0.903	0.646	0.277	0.0581	0.00527	0.000194	0.983	0.871	0.552	0.193	0.0309	0.00206	5.48e-05	1	0:00:37.293577
2800	4	4	0.785	0.542	0.263	0.077	0.0117	0.000829	2.52e-05	0.785	0.417	0.113	0.0136	0.000665	1.28e-05	9.48e-08	1	0:00:37.304993
2820	6	6	0.993	0.931	0.689	0.308	0.0668	0.00625	0.000236	0.993	0.927	0.674	0.292	0.0607	0.0054	0.000193	1	0:00:36.791395
2840	3	3	0.98	0.915	0.676	0.303	0.0662	0.00622	0.000236	0.98	0.854	0.521	0.172	0.0257	0.0016	3.94e-05	1	0:00:37.032472
2860	5	4	0.623	0.4	0.191	0.0581	0.00944	0.000716	2.31e-05	0.623	0.246	0.0459	0.00362	0.000114	1.39e-06	6.5e-09	0	0:00:36.897697
2880	4	4	0.955	0.852	0.589	0.246	0.0506	0.00454	0.000165	0.955	0.755	0.379	0.0953	0.0105	0.000468	8.2e-06	1	0:00:36.388998
2900	3	-1	0.0	0.0	0.0	0.0	0.0	0.0	0.0	0.0	0.0	0.0	0.0	0.0	0.0	0.0	0	0:00:22.644027
2920	2	-1	0.0	0.0	0.0	0.0	0.0	0.0	0.0	0.0	0.0	0.0	0.0	0.0	0.0	0.0	0	0:00:22.788063
2940	3	0	0.902	0.782	0.528	0.218	0.0446	0.004	0.000146	0.902	0.615	0.239	0.0437	0.00338	0.000104	1.25e-06	0	0:00:36.675595
2960	9	0	0.575	0.328	0.132	0.0333	0.00463	0.000313	9.3e-06	0.574	0.208	0.035	0.00246	6.89e-05	7.46e-07	3.08e-09	0	0:00:36.550886
2980	8	8	0.901	0.704	0.391	0.128	0.021	0.00156	4.87e-05	0.901	0.614	0.238	0.0435	0.00335	0.000103	1.23e-06	1	0:00:36.505853
3000	5	5	0.95	0.841	0.576	0.239	0.0488	0.00436	0.000159	0.95	0.741	0.362	0.0879	0.00929	0.000399	6.69e-06	1	0:00:36.552050
3020	1	1	0.951	0.804	0.498	0.182	0.033	0.00265	8.81e-05	0.951	0.745	0.366	0.0899	0.0096	0.000417	7.08e-06	1	0:00:36.983611
3040	7	7	0.994	0.936	0.698	0.315	0.0693	0.00656	0.00025	0.994	0.936	0.698	0.315	0.0692	0.00654	0.000249	1	0:00:36.931617
3060	7	7	0.978	0.888	0.623	0.262	0.054	0.00483	0.000175	0.978	0.846	0.507	0.163	0.0237	0.00143	3.41e-05	1	0:00:36.984907
3080	1	1	0.563	0.31	0.121	0.0301	0.00421	0.000287	8.63e-06	0.563	0.2	0.0327	0.00224	6.1e-05	6.42e-07	2.58e-09	1	0:00:37.021921
3100	0	0	0.893	0.756	0.485	0.187	0.0359	0.00303	0.000105	0.893	0.596	0.224	0.0394	0.00291	8.59e-05	9.81e-07	1	0:00:36.962890
3120	4	-1	0.0	0.0	0.0	0.0	0.0	0.0	0.0	0.0	0.0	0.0	0.0	0.0	0.0	0.0	0	0:00:22.696907
3140	8	8	0.965	0.832	0.526	0.194	0.035	0.00278	9.13e-05	0.965	0.792	0.426	0.118	0.0144	0.000721	1.42e-05	1	0:00:37.054683
3160	6	2	0.55	0.309	0.126	0.0331	0.00487	0.000345	1.07e-05	0.55	0.191	0.0305	0.00203	5.36e-05	5.47e-07	2.13e-09	0	0:00:37.128619
3180	3	-1	0.0	0.0	0.0	0.0	0.0	0.0	0.0	0.0	0.0	0.0	0.0	0.0	0.0	0.0	0	0:00:22.735016
3200	5	5	0.863	0.706	0.436	0.163	0.0307	0.00255	8.78e-05	0.863	0.537	0.182	0.0283	0.00183	4.68e-05	4.64e-07	1	0:00:37.094691
3220	3	9	0.546	0.265	0.0854	0.0175	0.00211	0.000131	3.73e-06	0.546	0.189	0.0298	0.00197	5.15e-05	5.22e-07	2.01e-09	0	0:00:36.510986
3240	4	-1	0.0	0.0	0.0	0.0	0.0	0.0	0.0	0.0	0.0	0.0	0.0	0.0	0.0	0.0	0	0:00:22.682901
3260	7	7	0.918	0.731	0.41	0.132	0.021	0.00149	4.46e-05	0.918	0.652	0.271	0.0538	0.00453	0.000153	2.02e-06	1	0:00:36.559390
3280	3	5	0.569	0.338	0.152	0.0452	0.00741	0.000575	1.91e-05	0.568	0.204	0.0338	0.00234	6.47e-05	6.91e-07	2.81e-09	0	0:00:36.456938
3300	4	4	0.741	0.47	0.206	0.0552	0.00795	0.000547	1.64e-05	0.741	0.362	0.0879	0.0093	0.000399	6.7e-06	4.31e-08	1	0:00:36.450955
3320	2	7	0.635	0.406	0.195	0.0602	0.01	0.000773	2.55e-05	0.635	0.256	0.049	0.00397	0.000129	1.62e-06	7.8e-09	0	0:00:36.695610
3340	6	6	0.867	0.661	0.364	0.12	0.0204	0.00157	5.08e-05	0.867	0.545	0.188	0.0296	0.00195	5.09e-05	5.14e-07	1	0:00:36.537475
3360	4	4	0.777	0.555	0.29	0.0934	0.0157	0.00121	3.96e-05	0.777	0.406	0.108	0.0126	0.000602	1.13e-05	8.12e-08	1	0:00:36.453222
3380	8	8	0.994	0.935	0.697	0.314	0.0689	0.0065	0.000247	0.994	0.935	0.696	0.314	0.0687	0.00646	0.000245	1	0:00:36.624879
3400	6	4	0.762	0.552	0.296	0.0978	0.0167	0.0013	4.24e-05	0.762	0.387	0.099	0.0111	0.000506	9.04e-06	6.2e-08	0	0:00:37.027802
3420	5	-1	0.0	0.0	0.0	0.0	0.0	0.0	0.0	0.0	0.0	0.0	0.0	0.0	0.0	0.0	0	0:00:22.698229
3440	2	3	0.823	0.667	0.416	0.16	0.0309	0.00266	9.41e-05	0.823	0.471	0.142	0.0191	0.00106	2.33e-05	1.97e-07	0	0:00:37.065920
3460	1	1	0.994	0.934	0.695	0.313	0.0684	0.00644	0.000245	0.994	0.933	0.692	0.309	0.067	0.00624	0.000234	1	0:00:36.954247
3480	2	2	0.987	0.917	0.671	0.297	0.0641	0.00596	0.000224	0.987	0.889	0.588	0.218	0.0377	0.00273	7.89e-05	1	0:00:37.093548
3500	1	1	0.593	0.333	0.132	0.0335	0.00475	0.000329	1e-05	0.593	0.222	0.0388	0.00285	8.34e-05	9.46e-07	4.09e-09	1	0:00:36.945240
3520	1	1	0.994	0.935	0.696	0.314	0.0688	0.00649	0.000247	0.994	0.934	0.692	0.309	0.0671	0.00626	0.000235	1	0:00:36.982856
3540	6	6	0.964	0.851	0.572	0.23	0.0456	0.00395	0.00014	0.964	0.788	0.421	0.115	0.0139	0.000689	1.34e-05	1	0:00:36.911406
3560	1	1	0.503	0.237	0.0758	0.0158	0.00194	0.000123	3.57e-06	0.503	0.161	0.0232	0.00138	3.27e-05	2.98e-07	1.03e-09	1	0:00:37.008087
3580	4	4	0.574	0.334	0.138	0.0355	0.00495	0.000331	9.66e-06	0.573	0.208	0.0348	0.00244	6.82e-05	7.37e-07	3.04e-09	1	0:00:36.898595
3600	4	2	0.86	0.629	0.323	0.0997	0.016	0.00118	3.75e-05	0.86	0.533	0.179	0.0275	0.00176	4.46e-05	4.37e-07	0	0:00:36.689638
3620	0	0	0.722	0.441	0.182	0.0457	0.00618	0.000406	1.18e-05	0.722	0.34	0.079	0.00794	0.000323	5.13e-06	3.12e-08	1	0:00:36.527666
3640	6	6	0.511	0.27	0.1	0.0239	0.0032	0.000211	6.19e-06	0.511	0.165	0.0242	0.00147	3.54e-05	3.29e-07	1.16e-09	1	0:00:36.536596
3660	0	0	0.938	0.767	0.449	0.154	0.0261	0.00199	6.33e-05	0.938	0.705	0.322	0.0719	0.00691	0.000268	4.06e-06	1	0:00:36.485157
3680	0	-1	0.0	0.0	0.0	0.0	0.0	0.0	0.0	0.0	0.0	0.0	0.0	0.0	0.0	0.0	0	0:00:22.633697
3700	3	3	0.916	0.799	0.54	0.222	0.0454	0.00405	0.000147	0.916	0.647	0.267	0.0523	0.00436	0.000146	1.89e-06	1	0:00:36.607659
3720	2	2	0.991	0.928	0.687	0.307	0.0671	0.0063	0.000239	0.991	0.915	0.644	0.264	0.0516	0.00427	0.000142	1	0:00:36.535583
3740	0	0	0.993	0.931	0.69	0.309	0.0675	0.00633	0.00024	0.993	0.925	0.669	0.287	0.0591	0.0052	0.000184	1	0:00:36.614083
3760	7	7	0.993	0.932	0.691	0.309	0.0674	0.00631	0.000239	0.993	0.929	0.68	0.298	0.0628	0.00568	0.000207	1	0:00:36.550997
3780	4	4	0.677	0.456	0.229	0.0729	0.0123	0.000954	3.14e-05	0.677	0.294	0.0616	0.00552	0.000199	2.8e-06	1.5e-08	1	0:00:36.466700
3800	9	9	0.97	0.86	0.577	0.231	0.0452	0.00387	0.000136	0.97	0.81	0.451	0.131	0.0169	0.000896	1.87e-05	1	0:00:36.859187
3820	0	0	0.531	0.313	0.137	0.0393	0.00621	0.000466	1.51e-05	0.531	0.178	0.0273	0.00174	4.39e-05	4.29e-07	1.59e-09	1	0:00:36.932058
3840	6	-1	0.0	0.0	0.0	0.0	0.0	0.0	0.0	0.0	0.0	0.0	0.0	0.0	0.0	0.0	0	0:00:22.690064
3860	7	7	0.994	0.936	0.698	0.315	0.0694	0.00656	0.00025	0.994	0.936	0.698	0.315	0.0693	0.00654	0.000249	1	0:00:37.035261
3880	6	6	0.685	0.423	0.185	0.051	0.00766	0.000549	1.71e-05	0.685	0.302	0.0646	0.00591	0.000218	3.13e-06	1.72e-08	1	0:00:37.046328
3900	3	3	0.56	0.337	0.151	0.0442	0.00709	0.000537	1.75e-05	0.56	0.198	0.0322	0.00219	5.9e-05	6.17e-07	2.46e-09	1	0:00:36.945352
3920	7	7	0.694	0.426	0.182	0.0477	0.00677	0.00046	1.37e-05	0.694	0.311	0.0679	0.00635	0.00024	3.53e-06	1.99e-08	1	0:00:36.908325
3940	6	-1	0.0	0.0	0.0	0.0	0.0	0.0	0.0	0.0	0.0	0.0	0.0	0.0	0.0	0.0	0	0:00:22.712430
3960	2	2	0.978	0.889	0.625	0.264	0.0544	0.00487	0.000177	0.978	0.843	0.503	0.16	0.0231	0.00138	3.27e-05	1	0:00:37.075026
3980	9	-1	0.0	0.0	0.0	0.0	0.0	0.0	0.0	0.0	0.0	0.0	0.0	0.0	0.0	0.0	0	0:00:22.743285
4000	8	-1	0.0	0.0	0.0	0.0	0.0	0.0	0.0	0.0	0.0	0.0	0.0	0.0	0.0	0.0	0	0:00:22.858524
4020	8	8	0.907	0.722	0.415	0.141	0.0242	0.00187	6.05e-05	0.907	0.626	0.249	0.0466	0.00369	0.000117	1.44e-06	1	0:00:37.181273
4040	0	0	0.974	0.894	0.643	0.279	0.0593	0.00544	0.000202	0.974	0.827	0.478	0.146	0.0199	0.00112	2.5e-05	1	0:00:36.615726
4060	6	6	0.927	0.752	0.439	0.15	0.0256	0.00195	6.19e-05	0.927	0.674	0.292	0.0607	0.00541	0.000194	2.7e-06	1	0:00:36.467705
4080	1	1	0.994	0.935	0.697	0.314	0.0689	0.00651	0.000248	0.994	0.935	0.695	0.312	0.0683	0.00641	0.000243	1	0:00:36.414242
4100	7	7	0.992	0.929	0.688	0.308	0.0672	0.0063	0.000239	0.992	0.92	0.657	0.276	0.0554	0.00474	0.000163	1	0:00:36.418560
4120	4	4	0.99	0.921	0.673	0.296	0.0635	0.00587	0.00022	0.99	0.905	0.622	0.245	0.0455	0.00357	0.000112	1	0:00:36.524246
4140	5	5	0.821	0.688	0.453	0.184	0.0375	0.00335	0.000122	0.821	0.468	0.14	0.0188	0.00104	2.26e-05	1.89e-07	1	0:00:36.577055
4160	5	-1	0.0	0.0	0.0	0.0	0.0	0.0	0.0	0.0	0.0	0.0	0.0	0.0	0.0	0.0	0	0:00:22.648216
4180	0	8	0.691	0.373	0.125	0.0241	0.00253	0.000136	3.41e-06	0.691	0.308	0.0666	0.00619	0.000231	3.38e-06	1.88e-08	0	0:00:36.698303
4200	4	4	0.625	0.384	0.172	0.0495	0.00775	0.000574	1.83e-05	0.625	0.247	0.0462	0.00365	0.000115	1.42e-06	6.63e-09	1	0:00:36.629144
4220	4	0	0.555	0.296	0.111	0.0266	0.00362	0.000243	7.28e-06	0.554	0.194	0.0312	0.0021	5.6e-05	5.78e-07	2.27e-09	0	0:00:36.618810
4240	7	7	0.549	0.238	0.0611	0.00902	0.000762	3.53e-05	8.18e-07	0.549	0.19	0.0303	0.00201	5.29e-05	5.39e-07	2.09e-09	1	0:00:36.944138
4260	8	8	0.991	0.925	0.678	0.299	0.0643	0.00594	0.000222	0.991	0.915	0.646	0.266	0.052	0.00433	0.000144	1	0:00:36.967969
4280	8	0	0.782	0.567	0.303	0.1	0.0172	0.00135	4.49e-05	0.782	0.413	0.111	0.0132	0.00064	1.22e-05	8.92e-08	0	0:00:37.019746
4300	8	8	0.895	0.733	0.45	0.168	0.0314	0.00261	9.01e-05	0.895	0.6	0.228	0.0404	0.00302	9e-05	1.04e-06	1	0:00:36.989473
4320	1	-1	0.0	0.0	0.0	0.0	0.0	0.0	0.0	0.0	0.0	0.0	0.0	0.0	0.0	0.0	0	0:00:22.726300
4340	0	0	0.989	0.918	0.666	0.29	0.0616	0.00563	0.000208	0.989	0.904	0.621	0.244	0.0453	0.00354	0.000111	1	0:00:37.160911
4360	6	6	0.971	0.88	0.621	0.265	0.0554	0.00502	0.000185	0.971	0.814	0.457	0.134	0.0175	0.000939	1.99e-05	1	0:00:37.129836
4380	9	9	0.945	0.806	0.514	0.195	0.0368	0.00306	0.000105	0.945	0.725	0.344	0.0804	0.00814	0.000334	5.35e-06	1	0:00:37.044870
4400	3	-1	0.0	0.0	0.0	0.0	0.0	0.0	0.0	0.0	0.0	0.0	0.0	0.0	0.0	0.0	0	0:00:22.720909
4420	5	5	0.789	0.589	0.333	0.117	0.0214	0.00176	6.05e-05	0.789	0.421	0.115	0.0139	0.00069	1.34e-05	1e-07	1	0:00:37.053046
4440	2	2	0.585	0.335	0.141	0.0396	0.00624	0.000471	1.54e-05	0.585	0.216	0.0371	0.00267	7.66e-05	8.51e-07	3.61e-09	1	0:00:36.597563
4460	9	9	0.977	0.873	0.589	0.235	0.0458	0.00388	0.000135	0.977	0.841	0.499	0.158	0.0227	0.00134	3.15e-05	1	0:00:36.516242
4480	9	9	0.993	0.933	0.692	0.31	0.0678	0.00636	0.000241	0.993	0.93	0.683	0.301	0.0639	0.00582	0.000214	1	0:00:36.524978
4500	3	5	0.501	0.322	0.165	0.0556	0.01	0.000829	2.88e-05	0.501	0.159	0.0228	0.00136	3.19e-05	2.89e-07	9.97e-10	0	0:00:36.427347
4520	3	3	0.539	0.349	0.17	0.0528	0.00874	0.000673	2.2e-05	0.538	0.183	0.0284	0.00184	4.72e-05	4.68e-07	1.77e-09	1	0:00:36.567333
4540	9	9	0.976	0.883	0.614	0.256	0.0524	0.00465	0.000168	0.976	0.837	0.493	0.154	0.0218	0.00127	2.93e-05	1	0:00:36.463830
4560	1	1	0.993	0.932	0.692	0.31	0.0676	0.00634	0.00024	0.993	0.93	0.683	0.3	0.0636	0.00579	0.000212	1	0:00:36.525586
4580	6	6	0.846	0.624	0.331	0.106	0.0177	0.00135	4.36e-05	0.846	0.508	0.164	0.0239	0.00144	3.45e-05	3.18e-07	1	0:00:36.426334
4600	4	4	0.772	0.574	0.323	0.113	0.0206	0.00169	5.79e-05	0.772	0.399	0.105	0.0121	0.000567	1.05e-05	7.41e-08	1	0:00:36.553828
4620	7	7	0.586	0.344	0.147	0.0406	0.0062	0.000453	1.44e-05	0.586	0.217	0.0373	0.0027	7.76e-05	8.65e-07	3.68e-09	1	0:00:36.881949
4640	2	2	0.789	0.523	0.237	0.0645	0.00928	0.000634	1.89e-05	0.789	0.422	0.116	0.014	0.000693	1.35e-05	1.01e-07	1	0:00:36.970910
4660	7	-1	0.0	0.0	0.0	0.0	0.0	0.0	0.0	0.0	0.0	0.0	0.0	0.0	0.0	0.0	0	0:00:22.708574
4680	9	9	0.969	0.845	0.546	0.206	0.0381	0.00308	0.000103	0.969	0.806	0.445	0.127	0.0162	0.000849	1.75e-05	1	0:00:37.185280
4700	6	5	0.517	0.285	0.114	0.0294	0.00421	0.000291	8.79e-06	0.517	0.169	0.0251	0.00155	3.78e-05	3.57e-07	1.28e-09	0	0:00:36.988645
4720	8	8	0.785	0.533	0.249	0.0688	0.00983	0.000656	1.9e-05	0.785	0.416	0.113	0.0135	0.000661	1.27e-05	9.39e-08	1	0:00:36.895020
4740	5	3	0.543	0.332	0.152	0.0451	0.00726	0.000549	1.78e-05	0.543	0.186	0.0292	0.00191	4.96e-05	4.98e-07	1.9e-09	0	0:00:36.958693
4760	3	2	0.697	0.494	0.266	0.0909	0.0162	0.00131	4.46e-05	0.696	0.314	0.0687	0.00646	0.000245	3.63e-06	2.06e-08	0	0:00:37.021305
4780	0	0	0.929	0.77	0.471	0.171	0.0311	0.0025	8.36e-05	0.929	0.679	0.297	0.0625	0.00564	0.000205	2.89e-06	1	0:00:36.923230
4800	9	9	0.994	0.936	0.698	0.315	0.0694	0.00656	0.00025	0.994	0.936	0.698	0.315	0.0693	0.00656	0.00025	1	0:00:36.917001
4820	3	3	0.751	0.574	0.338	0.124	0.0234	0.00198	6.94e-05	0.751	0.374	0.093	0.0101	0.000446	7.71e-06	5.12e-08	1	0:00:36.390086
4840	0	0	0.994	0.934	0.695	0.313	0.0686	0.00647	0.000246	0.994	0.932	0.689	0.306	0.0659	0.00608	0.000226	1	0:00:37.088770
4860	5	5	0.991	0.925	0.682	0.304	0.066	0.00618	0.000233	0.991	0.911	0.635	0.257	0.0491	0.00398	0.000129	1	0:00:37.023145
4880	0	8	0.657	0.373	0.145	0.0351	0.00477	0.00032	9.53e-06	0.657	0.276	0.0554	0.00473	0.000162	2.17e-06	1.1e-08	0	0:00:36.484589
4900	3	3	0.86	0.719	0.462	0.181	0.0355	0.00306	0.000109	0.86	0.532	0.179	0.0275	0.00175	4.44e-05	4.34e-07	1	0:00:36.436210
4920	7	7	0.994	0.935	0.698	0.315	0.0692	0.00654	0.000249	0.994	0.935	0.696	0.313	0.0685	0.00644	0.000244	1	0:00:36.545009
4940	6	6	0.86	0.613	0.298	0.0846	0.0124	0.000855	2.55e-05	0.86	0.532	0.179	0.0275	0.00175	4.43e-05	4.33e-07	1	0:00:36.542191
4960	4	4	0.748	0.505	0.245	0.0737	0.0118	0.000877	2.8e-05	0.748	0.37	0.0914	0.00984	0.000431	7.38e-06	4.85e-08	1	0:00:36.496833
4980	1	9	0.9	0.709	0.401	0.134	0.0224	0.0017	5.39e-05	0.9	0.611	0.237	0.043	0.00329	0.000101	1.2e-06	0	0:00:36.563098
5000	7	7	0.994	0.935	0.697	0.314	0.0691	0.00653	0.000249	0.994	0.934	0.693	0.31	0.0672	0.00627	0.000235	1	0:00:36.860183
5020	8	8	0.977	0.882	0.609	0.251	0.0508	0.00447	0.00016	0.977	0.842	0.501	0.159	0.0229	0.00136	3.21e-05	1	0:00:36.851301
5040	3	3	0.64	0.463	0.26	0.0932	0.0174	0.00146	5.09e-05	0.64	0.26	0.0503	0.00412	0.000135	1.72e-06	8.4e-09	1	0:00:36.894615
5060	6	6	0.645	0.412	0.194	0.058	0.00936	0.000708	2.29e-05	0.645	0.265	0.0518	0.0043	0.000143	1.85e-06	9.16e-09	1	0:00:36.877546
5080	7	7	0.951	0.829	0.551	0.221	0.0437	0.00379	0.000135	0.951	0.742	0.363	0.0886	0.0094	0.000405	6.83e-06	1	0:00:36.971981
5100	3	3	0.866	0.733	0.482	0.195	0.0392	0.00347	0.000126	0.866	0.542	0.186	0.0291	0.0019	4.92e-05	4.93e-07	1	0:00:36.865745
5120	9	9	0.83	0.564	0.257	0.0683	0.00944	0.000617	1.77e-05	0.83	0.481	0.148	0.0204	0.00116	2.6e-05	2.25e-07	1	0:00:36.894153
5140	8	8	0.985	0.9	0.634	0.266	0.0545	0.00483	0.000174	0.985	0.878	0.565	0.201	0.0331	0.00228	6.22e-05	1	0:00:36.891175
5160	0	0	0.973	0.861	0.574	0.226	0.0436	0.00367	0.000127	0.973	0.821	0.468	0.14	0.0188	0.00104	2.25e-05	1	0:00:36.992499
5180	9	-1	0.0	0.0	0.0	0.0	0.0	0.0	0.0	0.0	0.0	0.0	0.0	0.0	0.0	0.0	0	0:00:22.691195
5200	3	3	0.82	0.687	0.45	0.182	0.0369	0.00329	0.00012	0.819	0.465	0.139	0.0184	0.00101	2.19e-05	1.82e-07	1	0:00:37.296339
5220	0	0	0.873	0.636	0.317	0.0919	0.0136	0.000934	2.76e-05	0.873	0.556	0.195	0.0314	0.00212	5.67e-05	5.87e-07	1	0:00:37.348870
5240	1	1	0.878	0.668	0.364	0.118	0.0197	0.0015	4.81e-05	0.878	0.566	0.202	0.0333	0.00229	6.28e-05	6.66e-07	1	0:00:38.831012
5260	0	0	0.993	0.933	0.695	0.313	0.0688	0.00649	0.000247	0.993	0.928	0.676	0.294	0.0615	0.00551	0.000198	1	0:00:38.733485
5280	0	-1	0.0	0.0	0.0	0.0	0.0	0.0	0.0	0.0	0.0	0.0	0.0	0.0	0.0	0.0	0	0:00:22.956171
5300	9	9	0.971	0.869	0.597	0.246	0.0497	0.00438	0.000157	0.971	0.815	0.459	0.135	0.0177	0.000956	2.03e-05	1	0:00:39.479105
5320	7	7	0.834	0.635	0.358	0.123	0.0218	0.00175	5.88e-05	0.835	0.489	0.152	0.0213	0.00123	2.81e-05	2.48e-07	1	0:00:39.644831
5340	3	4	0.505	0.269	0.105	0.0271	0.00396	0.000282	8.77e-06	0.505	0.162	0.0234	0.0014	3.33e-05	3.05e-07	1.06e-09	0	0:00:38.762068
5360	9	9	0.976	0.881	0.611	0.253	0.0514	0.00454	0.000163	0.976	0.836	0.491	0.153	0.0216	0.00125	2.88e-05	1	0:00:36.497630
5380	1	9	0.785	0.51	0.224	0.0591	0.00828	0.000556	1.64e-05	0.785	0.416	0.113	0.0135	0.000659	1.26e-05	9.33e-08	0	0:00:36.466261
5400	9	9	0.977	0.885	0.62	0.261	0.0536	0.00479	0.000174	0.977	0.838	0.495	0.156	0.0221	0.0013	3.01e-05	1	0:00:36.531092
5420	6	6	0.989	0.916	0.661	0.286	0.0603	0.00547	0.000201	0.989	0.903	0.616	0.241	0.0442	0.00343	0.000106	1	0:00:36.993315
5440	9	9	0.994	0.935	0.696	0.313	0.0687	0.00648	0.000246	0.994	0.934	0.694	0.311	0.0676	0.00632	0.000238	1	0:00:37.044711
5460	0	0	0.985	0.918	0.676	0.302	0.0657	0.00616	0.000233	0.985	0.879	0.567	0.203	0.0335	0.00232	6.38e-05	1	0:00:37.034917
5480	1	1	0.963	0.836	0.54	0.206	0.0388	0.00321	0.000109	0.963	0.784	0.415	0.112	0.0134	0.000653	1.25e-05	1	0:00:37.053186
5500	8	8	0.757	0.517	0.253	0.076	0.0121	0.00089	2.81e-05	0.757	0.381	0.0964	0.0107	0.00048	8.46e-06	5.72e-08	1	0:00:36.957657
5520	4	4	0.656	0.416	0.192	0.0567	0.00903	0.000676	2.17e-05	0.656	0.274	0.0548	0.00466	0.000159	2.11e-06	1.07e-08	1	0:00:36.984161
5540	5	-1	0.0	0.0	0.0	0.0	0.0	0.0	0.0	0.0	0.0	0.0	0.0	0.0	0.0	0.0	0	0:00:22.700644
5560	3	5	0.688	0.477	0.25	0.0833	0.0146	0.00116	3.91e-05	0.688	0.305	0.0654	0.00602	0.000223	3.23e-06	1.78e-08	0	0:00:37.246276
5580	5	-1	0.0	0.0	0.0	0.0	0.0	0.0	0.0	0.0	0.0	0.0	0.0	0.0	0.0	0.0	0	0:00:22.777953
5600	6	6	0.564	0.318	0.132	0.0362	0.00555	0.000409	1.31e-05	0.564	0.201	0.033	0.00226	6.17e-05	6.52e-07	2.62e-09	1	0:00:36.664593
5620	3	-1	0.0	0.0	0.0	0.0	0.0	0.0	0.0	0.0	0.0	0.0	0.0	0.0	0.0	0.0	0	0:00:22.701543
5640	2	-1	0.0	0.0	0.0	0.0	0.0	0.0	0.0	0.0	0.0	0.0	0.0	0.0	0.0	0.0	0	0:00:23.082626
5660	9	9	0.627	0.347	0.131	0.0314	0.00419	0.000276	8.09e-06	0.627	0.249	0.0468	0.00372	0.000118	1.46e-06	6.89e-09	1	0:00:38.753483
5680	2	-1	0.0	0.0	0.0	0.0	0.0	0.0	0.0	0.0	0.0	0.0	0.0	0.0	0.0	0.0	0	0:00:22.776931
5700	3	3	0.819	0.681	0.439	0.174	0.0344	0.003	0.000107	0.819	0.465	0.138	0.0184	0.00101	2.17e-05	1.81e-07	1	0:00:38.874320
5720	9	9	0.994	0.935	0.696	0.314	0.0688	0.00649	0.000247	0.994	0.934	0.693	0.31	0.0675	0.0063	0.000237	1	0:00:37.808855
5740	6	6	0.688	0.452	0.221	0.0691	0.0116	0.000899	2.97e-05	0.688	0.305	0.0654	0.00602	0.000223	3.23e-06	1.78e-08	1	0:00:36.542087
5760	2	2	0.701	0.449	0.206	0.059	0.00909	0.000662	2.08e-05	0.701	0.319	0.0706	0.00672	0.000259	3.88e-06	2.23e-08	1	0:00:36.405135
5780	7	7	0.994	0.936	0.698	0.315	0.0693	0.00655	0.00025	0.994	0.935	0.698	0.315	0.0691	0.00653	0.000249	1	0:00:36.595554
5800	2	2	0.936	0.767	0.452	0.156	0.0268	0.00207	6.65e-05	0.936	0.698	0.316	0.0694	0.00656	0.00025	3.73e-06	1	0:00:37.271087
5820	5	5	0.811	0.592	0.318	0.106	0.0184	0.00145	4.85e-05	0.811	0.452	0.131	0.017	0.000904	1.89e-05	1.53e-07	1	0:00:37.165159
5840	2	2	0.667	0.429	0.2	0.0586	0.00913	0.000666	2.09e-05	0.667	0.285	0.0585	0.00512	0.00018	2.47e-06	1.29e-08	1	0:00:37.004464
5860	0	0	0.91	0.728	0.422	0.145	0.0251	0.00196	6.37e-05	0.91	0.633	0.254	0.0484	0.0039	0.000126	1.58e-06	1	0:00:36.940259
5880	0	0	0.991	0.924	0.674	0.296	0.0631	0.0058	0.000215	0.991	0.916	0.648	0.267	0.0526	0.00439	0.000147	1	0:00:37.149553
5900	4	-1	0.0	0.0	0.0	0.0	0.0	0.0	0.0	0.0	0.0	0.0	0.0	0.0	0.0	0.0	0	0:00:22.723540
5920	8	8	0.994	0.935	0.698	0.315	0.0693	0.00655	0.00025	0.994	0.934	0.695	0.312	0.0681	0.00638	0.000241	1	0:00:37.253688
5940	7	-1	0.0	0.0	0.0	0.0	0.0	0.0	0.0	0.0	0.0	0.0	0.0	0.0	0.0	0.0	0	0:00:22.775994
5960	2	6	0.594	0.339	0.138	0.0359	0.00517	0.00036	1.1e-05	0.594	0.223	0.039	0.00286	8.4e-05	9.54e-07	4.13e-09	0	0:00:37.313827
5980	9	9	0.991	0.925	0.678	0.3	0.0644	0.00596	0.000223	0.992	0.917	0.651	0.27	0.0535	0.0045	0.000152	1	0:00:37.039682
6000	8	8	0.861	0.655	0.358	0.117	0.0193	0.00144	4.54e-05	0.861	0.533	0.18	0.0277	0.00177	4.5e-05	4.41e-07	1	0:00:36.617466
6020	6	6	0.953	0.82	0.527	0.202	0.0382	0.00318	0.000109	0.953	0.75	0.372	0.0925	0.01	0.000441	7.61e-06	1	0:00:37.187789
6040	2	-1	0.0	0.0	0.0	0.0	0.0	0.0	0.0	0.0	0.0	0.0	0.0	0.0	0.0	0.0	0	0:00:22.986693
6060	3	-1	0.0	0.0	0.0	0.0	0.0	0.0	0.0	0.0	0.0	0.0	0.0	0.0	0.0	0.0	0	0:00:23.045205
6080	1	1	0.962	0.826	0.519	0.191	0.0344	0.00273	8.98e-05	0.962	0.781	0.411	0.11	0.0131	0.000632	1.2e-05	1	0:00:38.968809
6100	1	1	0.989	0.921	0.675	0.299	0.0646	0.00601	0.000226	0.989	0.9	0.611	0.237	0.043	0.00329	0.000101	1	0:00:38.837442
6120	5	5	0.884	0.705	0.417	0.15	0.0272	0.00222	7.52e-05	0.884	0.577	0.21	0.0354	0.0025	7.04e-05	7.67e-07	1	0:00:38.980268
6140	9	9	0.96	0.828	0.531	0.201	0.0376	0.0031	0.000105	0.96	0.773	0.4	0.105	0.0122	0.000573	1.06e-05	1	0:00:38.620162
6160	2	-1	0.0	0.0	0.0	0.0	0.0	0.0	0.0	0.0	0.0	0.0	0.0	0.0	0.0	0.0	0	0:00:23.040420
6180	0	0	0.821	0.607	0.325	0.106	0.0179	0.00138	4.5e-05	0.821	0.468	0.14	0.0188	0.00104	2.26e-05	1.89e-07	1	0:00:37.524505
6200	3	-1	0.0	0.0	0.0	0.0	0.0	0.0	0.0	0.0	0.0	0.0	0.0	0.0	0.0	0.0	0	0:00:22.770584
6220	2	-1	0.0	0.0	0.0	0.0	0.0	0.0	0.0	0.0	0.0	0.0	0.0	0.0	0.0	0.0	0	0:00:23.146237
6240	2	2	0.83	0.621	0.339	0.113	0.0194	0.00152	5e-05	0.83	0.481	0.148	0.0203	0.00116	2.6e-05	2.25e-07	1	0:00:39.343712
6260	2	2	0.554	0.309	0.124	0.0325	0.00472	0.000333	1.02e-05	0.554	0.194	0.0312	0.0021	5.59e-05	5.77e-07	2.27e-09	1	0:00:39.113231
6280	8	-1	0.0	0.0	0.0	0.0	0.0	0.0	0.0	0.0	0.0	0.0	0.0	0.0	0.0	0.0	0	0:00:23.032959
6300	1	1	0.961	0.845	0.564	0.226	0.0444	0.00383	0.000135	0.961	0.776	0.405	0.107	0.0125	0.000597	1.12e-05	1	0:00:39.202160
6320	0	0	0.796	0.561	0.28	0.0842	0.0131	0.000946	2.92e-05	0.796	0.432	0.121	0.0149	0.000756	1.51e-05	1.15e-07	1	0:00:39.134809
6340	3	3	0.551	0.351	0.169	0.0528	0.00885	0.00069	2.28e-05	0.551	0.192	0.0306	0.00204	5.41e-05	5.54e-07	2.16e-09	1	0:00:39.195028
6360	2	2	0.655	0.392	0.168	0.0463	0.00704	0.000514	1.63e-05	0.655	0.274	0.0546	0.00463	0.000158	2.09e-06	1.06e-08	1	0:00:39.261302
6380	3	-1	0.0	0.0	0.0	0.0	0.0	0.0	0.0	0.0	0.0	0.0	0.0	0.0	0.0	0.0	0	0:00:22.996921
6400	0	0	0.911	0.741	0.442	0.158	0.0282	0.00226	7.55e-05	0.911	0.635	0.257	0.0491	0.00398	0.000129	1.63e-06	1	0:00:38.932312
6420	7	7	0.987	0.918	0.673	0.298	0.0645	0.00601	0.000227	0.987	0.888	0.585	0.216	0.037	0.00266	7.64e-05	1	0:00:38.637244
6440	3	-1	0.0	0.0	0.0	0.0	0.0	0.0	0.0	0.0	0.0	0.0	0.0	0.0	0.0	0.0	0	0:00:22.898707
6460	3	3	0.905	0.791	0.533	0.218	0.0437	0.00384	0.000137	0.905	0.622	0.246	0.0457	0.00359	0.000113	1.38e-06	1	0:00:38.914616
6480	0	0	0.87	0.681	0.393	0.137	0.0244	0.00195	6.52e-05	0.87	0.55	0.191	0.0305	0.00203	5.35e-05	5.46e-07	1	0:00:38.586374
6500	7	-1	0.0	0.0	0.0	0.0	0.0	0.0	0.0	0.0	0.0	0.0	0.0	0.0	0.0	0.0	0	0:00:22.907304
6520	6	6	0.624	0.374	0.162	0.0452	0.00696	0.000512	1.63e-05	0.624	0.247	0.046	0.00363	0.000115	1.4e-06	6.56e-09	1	0:00:38.885067
6540	8	8	0.875	0.654	0.341	0.104	0.016	0.00113	3.42e-05	0.876	0.561	0.198	0.0324	0.00221	5.97e-05	6.26e-07	1	0:00:38.758616
6560	6	6	0.509	0.247	0.0836	0.0186	0.00244	0.000161	4.78e-06	0.509	0.164	0.024	0.00145	3.49e-05	3.22e-07	1.13e-09	1	0:00:38.655182
6580	1	1	0.508	0.275	0.11	0.0295	0.00448	0.000329	1.05e-05	0.508	0.163	0.0238	0.00144	3.44e-05	3.17e-07	1.11e-09	1	0:00:38.620125
6600	7	7	0.983	0.912	0.665	0.293	0.0632	0.00588	0.000221	0.983	0.871	0.551	0.192	0.0307	0.00205	5.42e-05	1	0:00:38.980704
6620	7	7	0.993	0.934	0.695	0.313	0.0687	0.00648	0.000247	0.993	0.929	0.681	0.298	0.0632	0.00572	0.000209	1	0:00:39.061410
6640	5	3	0.799	0.616	0.355	0.125	0.0224	0.0018	6.04e-05	0.799	0.435	0.122	0.0153	0.000779	1.57e-05	1.21e-07	0	0:00:39.113811
6660	0	0	0.962	0.849	0.57	0.229	0.0454	0.00393	0.000139	0.962	0.78	0.41	0.11	0.013	0.000627	1.19e-05	1	0:00:38.700814
6680	3	5	0.679	0.474	0.253	0.0859	0.0153	0.00125	4.29e-05	0.679	0.297	0.0625	0.00564	0.000205	2.89e-06	1.56e-08	0	0:00:39.190154
6700	6	6	0.975	0.884	0.619	0.261	0.0541	0.00486	0.000178	0.975	0.834	0.487	0.151	0.0211	0.00122	2.77e-05	1	0:00:39.068916
6720	2	2	0.665	0.441	0.219	0.0691	0.0116	0.000903	2.98e-05	0.665	0.283	0.0578	0.00503	0.000176	2.4e-06	1.25e-08	1	0:00:39.037165
6740	2	-1	0.0	0.0	0.0	0.0	0.0	0.0	0.0	0.0	0.0	0.0	0.0	0.0	0.0	0.0	0	0:00:22.961046
6760	5	5	0.98	0.902	0.651	0.284	0.0607	0.0056	0.000209	0.98	0.852	0.518	0.17	0.0252	0.00156	3.81e-05	1	0:00:39.307680
6780	7	7	0.991	0.925	0.681	0.303	0.0656	0.00612	0.000231	0.991	0.912	0.638	0.259	0.0499	0.00407	0.000133	1	0:00:39.120817
6800	6	-1	0.0	0.0	0.0	0.0	0.0	0.0	0.0	0.0	0.0	0.0	0.0	0.0	0.0	0.0	0	0:00:22.904841
6820	1	1	0.987	0.913	0.66	0.286	0.0606	0.00554	0.000205	0.988	0.893	0.596	0.224	0.0394	0.00291	8.57e-05	1	0:00:38.863046
6840	9	9	0.983	0.894	0.626	0.261	0.0532	0.00471	0.000169	0.983	0.868	0.547	0.189	0.0299	0.00197	5.18e-05	1	0:00:38.739463
6860	0	0	0.897	0.752	0.48	0.186	0.036	0.00308	0.000108	0.897	0.604	0.231	0.0412	0.0031	9.31e-05	1.08e-06	1	0:00:38.678180
6880	2	2	0.92	0.756	0.459	0.167	0.0305	0.00248	8.41e-05	0.92	0.658	0.277	0.0556	0.00476	0.000163	2.18e-06	1	0:00:38.769230
6900	3	3	0.825	0.677	0.432	0.17	0.0338	0.00297	0.000107	0.825	0.473	0.143	0.0194	0.00108	2.38e-05	2.02e-07	1	0:00:38.617945
6920	5	4	0.556	0.333	0.147	0.0422	0.00657	0.000484	1.53e-05	0.556	0.195	0.0315	0.00212	5.68e-05	5.88e-07	2.32e-09	0	0:00:38.744455
6940	1	1	0.994	0.936	0.698	0.315	0.0693	0.00656	0.00025	0.994	0.935	0.698	0.315	0.0692	0.00653	0.000249	1	0:00:38.939780
6960	9	9	0.843	0.608	0.305	0.0911	0.014	0.000996	3.03e-05	0.843	0.503	0.16	0.0231	0.00138	3.26e-05	2.97e-07	1	0:00:38.622358
6980	0	0	0.817	0.584	0.297	0.0914	0.0146	0.00108	3.39e-05	0.817	0.462	0.137	0.0181	0.000983	2.11e-05	1.74e-07	1	0:00:38.658022
7000	2	-1	0.0	0.0	0.0	0.0	0.0	0.0	0.0	0.0	0.0	0.0	0.0	0.0	0.0	0.0	0	0:00:22.943970
7020	7	7	0.994	0.936	0.698	0.315	0.0693	0.00655	0.00025	0.994	0.935	0.698	0.315	0.0691	0.00652	0.000248	1	0:00:39.186492
7040	7	-1	0.0	0.0	0.0	0.0	0.0	0.0	0.0	0.0	0.0	0.0	0.0	0.0	0.0	0.0	0	0:00:23.033643
7060	8	8	0.993	0.93	0.687	0.306	0.0664	0.0062	0.000233	0.993	0.925	0.67	0.288	0.0594	0.00524	0.000186	1	0:00:39.195817
7080	5	4	0.55	0.294	0.112	0.0274	0.00381	0.000259	7.79e-06	0.55	0.191	0.0304	0.00202	5.34e-05	5.45e-07	2.12e-09	0	0:00:39.171723
7100	9	3	0.664	0.467	0.243	0.0783	0.0131	0.00101	3.27e-05	0.663	0.281	0.0572	0.00496	0.000173	2.34e-06	1.21e-08	0	0:00:39.171608
7120	7	7	0.775	0.546	0.278	0.0875	0.0144	0.0011	3.54e-05	0.775	0.404	0.107	0.0124	0.000589	1.1e-05	7.84e-08	1	0:00:39.109251
7140	4	4	0.533	0.297	0.121	0.0323	0.00477	0.00034	1.05e-05	0.533	0.18	0.0276	0.00177	4.48e-05	4.39e-07	1.64e-09	1	0:00:39.066062
7160	5	5	0.932	0.8	0.523	0.206	0.0402	0.00345	0.000121	0.932	0.687	0.305	0.0654	0.00602	0.000223	3.22e-06	1	0:00:39.198822
7180	6	6	0.857	0.629	0.328	0.103	0.0168	0.00126	4.06e-05	0.857	0.527	0.175	0.0266	0.00168	4.19e-05	4.05e-07	1	0:00:39.072501
7200	4	4	0.52	0.276	0.105	0.026	0.00365	0.000252	7.64e-06	0.52	0.171	0.0256	0.00159	3.9e-05	3.7e-07	1.34e-09	1	0:00:38.924380
7220	9	9	0.938	0.802	0.518	0.202	0.0391	0.00333	0.000117	0.938	0.704	0.321	0.0717	0.00688	0.000267	4.03e-06	1	0:00:38.700875
7240	0	0	0.824	0.6	0.314	0.0995	0.0164	0.00123	3.95e-05	0.824	0.472	0.142	0.0192	0.00107	2.35e-05	1.98e-07	1	0:00:38.945207
7260	1	1	0.984	0.896	0.626	0.261	0.0529	0.00464	0.000166	0.984	0.872	0.553	0.193	0.031	0.00208	5.52e-05	1	0:00:38.615921
7280	1	1	0.682	0.431	0.196	0.0563	0.00878	0.000648	2.06e-05	0.682	0.299	0.0633	0.00574	0.000209	2.98e-06	1.62e-08	1	0:00:38.788234
7300	3	-1	0.0	0.0	0.0	0.0	0.0	0.0	0.0	0.0	0.0	0.0	0.0	0.0	0.0	0.0	0	0:00:23.019857
7320	8	0	0.583	0.33	0.134	0.0353	0.00528	0.000385	1.23e-05	0.583	0.215	0.0367	0.00263	7.51e-05	8.31e-07	3.51e-09	0	0:00:38.909839
7340	2	2	0.682	0.426	0.191	0.0538	0.00821	0.000593	1.85e-05	0.682	0.299	0.0634	0.00576	0.00021	3e-06	1.63e-08	1	0:00:38.724151
7360	2	2	0.741	0.508	0.251	0.0771	0.0125	0.000936	3e-05	0.741	0.362	0.0881	0.00933	0.000401	6.73e-06	4.34e-08	1	0:00:38.648057
7380	7	7	0.978	0.891	0.63	0.268	0.0558	0.00503	0.000184	0.978	0.843	0.502	0.16	0.0231	0.00138	3.25e-05	1	0:00:38.459493
7400	3	5	0.645	0.482	0.283	0.106	0.0203	0.00175	6.21e-05	0.644	0.264	0.0516	0.00427	0.000142	1.83e-06	9.03e-09	0	0:00:38.542434
7420	3	4	0.576	0.326	0.133	0.035	0.00515	0.000366	1.14e-05	0.576	0.21	0.0353	0.00249	7e-05	7.62e-07	3.16e-09	0	0:00:38.396315
7440	3	3	0.923	0.788	0.513	0.203	0.0399	0.00345	0.000122	0.923	0.664	0.282	0.0573	0.00497	0.000173	2.35e-06	1	0:00:38.383193
7460	5	5	0.987	0.919	0.673	0.298	0.0644	0.00599	0.000226	0.987	0.892	0.595	0.223	0.0391	0.00288	8.47e-05	1	0:00:37.471335
7480	1	1	0.929	0.733	0.401	0.127	0.02	0.00144	4.37e-05	0.929	0.679	0.297	0.0625	0.00563	0.000204	2.89e-06	1	0:00:38.442167
7500	6	6	0.994	0.935	0.697	0.315	0.0692	0.00654	0.000249	0.994	0.934	0.693	0.31	0.0672	0.00627	0.000236	1	0:00:38.398759
7520	4	4	0.748	0.532	0.28	0.0915	0.0155	0.00121	3.96e-05	0.748	0.37	0.0914	0.00984	0.00043	7.37e-06	4.84e-08	1	0:00:38.421274
7540	5	5	0.993	0.93	0.689	0.308	0.067	0.00628	0.000237	0.993	0.925	0.67	0.287	0.0593	0.00522	0.000185	1	0:00:38.416417
7560	0	0	0.805	0.556	0.27	0.0791	0.0122	0.000878	2.72e-05	0.805	0.444	0.127	0.0162	0.000844	1.73e-05	1.37e-07	1	0:00:38.515382
7580	8	8	0.988	0.92	0.675	0.299	0.0647	0.00602	0.000227	0.988	0.894	0.598	0.226	0.0399	0.00296	8.77e-05	1	0:00:38.443709
7600	8	-1	0.0	0.0	0.0	0.0	0.0	0.0	0.0	0.0	0.0	0.0	0.0	0.0	0.0	0.0	0	0:00:22.865677
7620	5	-1	0.0	0.0	0.0	0.0	0.0	0.0	0.0	0.0	0.0	0.0	0.0	0.0	0.0	0.0	0	0:00:22.960290
7640	9	9	0.629	0.326	0.108	0.0216	0.00245	0.000142	3.83e-06	0.629	0.251	0.0475	0.00379	0.000121	1.51e-06	7.14e-09	1	0:00:38.703011
7660	7	7	0.84	0.613	0.317	0.099	0.016	0.00119	3.75e-05	0.84	0.499	0.158	0.0226	0.00133	3.12e-05	2.81e-07	1	0:00:38.680363
7680	3	-1	0.0	0.0	0.0	0.0	0.0	0.0	0.0	0.0	0.0	0.0	0.0	0.0	0.0	0.0	0	0:00:22.949540
7700	6	6	0.987	0.912	0.658	0.285	0.0604	0.00552	0.000205	0.987	0.89	0.59	0.22	0.0382	0.00279	8.12e-05	1	0:00:38.502610
7720	5	-1	0.0	0.0	0.0	0.0	0.0	0.0	0.0	0.0	0.0	0.0	0.0	0.0	0.0	0.0	0	0:00:22.989227
7740	4	4	0.692	0.456	0.217	0.0646	0.0102	0.000757	2.4e-05	0.692	0.309	0.0669	0.00622	0.000233	3.41e-06	1.91e-08	1	0:00:38.578020
7760	2	0	0.513	0.308	0.142	0.0431	0.00713	0.000553	1.83e-05	0.513	0.166	0.0245	0.0015	3.62e-05	3.38e-07	1.2e-09	0	0:00:38.457106
7780	3	-1	0.0	0.0	0.0	0.0	0.0	0.0	0.0	0.0	0.0	0.0	0.0	0.0	0.0	0.0	0	0:00:22.898364
7800	0	0	0.932	0.783	0.491	0.184	0.0345	0.00287	9.83e-05	0.932	0.688	0.305	0.0655	0.00604	0.000224	3.24e-06	1	0:00:38.554564
7820	5	5	0.537	0.307	0.13	0.0358	0.00544	0.000394	1.24e-05	0.537	0.182	0.0282	0.00182	4.66e-05	4.6e-07	1.73e-09	1	0:00:38.411375
7840	1	1	0.994	0.934	0.696	0.314	0.069	0.00651	0.000248	0.994	0.932	0.689	0.306	0.0659	0.00609	0.000227	1	0:00:38.469390
7860	8	8	0.979	0.883	0.608	0.249	0.0497	0.00432	0.000153	0.979	0.849	0.513	0.167	0.0246	0.00151	3.65e-05	1	0:00:38.477580
7880	0	0	0.907	0.765	0.49	0.191	0.037	0.00316	0.000111	0.907	0.627	0.25	0.047	0.00374	0.000119	1.47e-06	1	0:00:38.530123
7900	0	-1	0.0	0.0	0.0	0.0	0.0	0.0	0.0	0.0	0.0	0.0	0.0	0.0	0.0	0.0	0	0:00:22.867068
7920	9	9	0.977	0.886	0.621	0.262	0.054	0.00483	0.000176	0.977	0.839	0.497	0.157	0.0223	0.00131	3.06e-05	1	0:00:38.399597
7940	2	2	0.503	0.267	0.103	0.0262	0.00378	0.000266	8.24e-06	0.503	0.16	0.0231	0.00138	3.26e-05	2.97e-07	1.03e-09	1	0:00:38.494908
7960	0	0	0.626	0.344	0.128	0.0293	0.00376	0.00024	6.89e-06	0.626	0.249	0.0467	0.0037	0.000118	1.45e-06	6.81e-09	1	0:00:38.479953
7980	3	3	0.663	0.477	0.262	0.0907	0.0163	0.00133	4.54e-05	0.663	0.281	0.0571	0.00495	0.000172	2.33e-06	1.21e-08	1	0:00:38.382370
8000	9	9	0.981	0.89	0.618	0.255	0.0514	0.00449	0.000159	0.981	0.859	0.531	0.178	0.0273	0.00174	4.38e-05	1	0:00:38.325405
8020	6	-1	0.0	0.0	0.0	0.0	0.0	0.0	0.0	0.0	0.0	0.0	0.0	0.0	0.0	0.0	0	0:00:22.919474
8040	2	2	0.933	0.808	0.538	0.217	0.0435	0.00382	0.000137	0.933	0.69	0.307	0.0662	0.00613	0.000229	3.32e-06	1	0:00:38.902155
8060	6	6	0.954	0.837	0.561	0.226	0.045	0.00392	0.00014	0.954	0.755	0.378	0.095	0.0104	0.000466	8.14e-06	1	0:00:38.734435
8080	4	4	0.562	0.344	0.159	0.0478	0.00783	0.000601	1.97e-05	0.562	0.199	0.0325	0.00222	6.03e-05	6.33e-07	2.53e-09	1	0:00:38.338097
8100	6	-1	0.0	0.0	0.0	0.0	0.0	0.0	0.0	0.0	0.0	0.0	0.0	0.0	0.0	0.0	0	0:00:22.768106
8120	8	-1	0.0	0.0	0.0	0.0	0.0	0.0	0.0	0.0	0.0	0.0	0.0	0.0	0.0	0.0	0	0:00:22.887028
8140	5	-1	0.0	0.0	0.0	0.0	0.0	0.0	0.0	0.0	0.0	0.0	0.0	0.0	0.0	0.0	0	0:00:22.816924
8160	6	6	0.993	0.933	0.694	0.312	0.0682	0.00642	0.000244	0.994	0.931	0.686	0.303	0.0648	0.00594	0.000219	1	0:00:36.804449
8180	4	4	0.658	0.412	0.185	0.0524	0.008	0.000579	1.81e-05	0.658	0.276	0.0554	0.00474	0.000163	2.17e-06	1.11e-08	1	0:00:36.528858
8200	3	-1	0.0	0.0	0.0	0.0	0.0	0.0	0.0	0.0	0.0	0.0	0.0	0.0	0.0	0.0	0	0:00:22.678027
8220	6	-1	0.0	0.0	0.0	0.0	0.0	0.0	0.0	0.0	0.0	0.0	0.0	0.0	0.0	0.0	0	0:00:22.900397
8240	7	7	0.948	0.801	0.497	0.182	0.033	0.00265	8.8e-05	0.948	0.735	0.355	0.0852	0.00887	0.000375	6.19e-06	1	0:00:37.568058
8260	1	1	0.993	0.931	0.689	0.308	0.0669	0.00626	0.000236	0.993	0.926	0.673	0.291	0.0604	0.00537	0.000192	1	0:00:36.587802
8280	4	4	0.949	0.839	0.573	0.238	0.0486	0.00434	0.000158	0.949	0.738	0.358	0.0863	0.00904	0.000384	6.39e-06	1	0:00:36.363888
8300	5	-1	0.0	0.0	0.0	0.0	0.0	0.0	0.0	0.0	0.0	0.0	0.0	0.0	0.0	0.0	0	0:00:22.690327
8320	7	7	0.673	0.409	0.174	0.0462	0.00664	0.000458	1.38e-05	0.673	0.29	0.0602	0.00534	0.00019	2.64e-06	1.4e-08	1	0:00:37.032917
8340	5	5	0.576	0.363	0.178	0.0572	0.00994	0.0008	2.72e-05	0.575	0.209	0.0352	0.00248	6.95e-05	7.55e-07	3.13e-09	1	0:00:36.444253
8360	7	7	0.993	0.931	0.69	0.31	0.0676	0.00635	0.000241	0.993	0.924	0.668	0.286	0.0587	0.00514	0.000181	1	0:00:36.602522
8380	9	9	0.984	0.912	0.666	0.294	0.0635	0.00591	0.000223	0.984	0.872	0.555	0.194	0.0313	0.0021	5.62e-05	1	0:00:36.402302
8400	0	0	0.634	0.373	0.155	0.0409	0.00592	0.000414	1.26e-05	0.634	0.255	0.0487	0.00393	0.000127	1.6e-06	7.66e-09	1	0:00:36.321328
8420	3	6	0.871	0.686	0.401	0.143	0.0259	0.00211	7.17e-05	0.871	0.553	0.193	0.0309	0.00207	5.5e-05	5.66e-07	0	0:00:36.354141
8440	5	5	0.577	0.364	0.18	0.059	0.0105	0.000857	2.95e-05	0.577	0.21	0.0355	0.00251	7.09e-05	7.73e-07	3.22e-09	1	0:00:36.520925
8460	8	8	0.983	0.897	0.631	0.265	0.0541	0.00479	0.000172	0.983	0.87	0.551	0.192	0.0306	0.00204	5.4e-05	1	0:00:36.367474
8480	2	2	0.587	0.414	0.231	0.0825	0.0154	0.00129	4.51e-05	0.586	0.217	0.0374	0.0027	7.78e-05	8.67e-07	3.69e-09	1	0:00:36.471939
8500	4	4	0.878	0.727	0.458	0.176	0.0338	0.00287	0.0001	0.878	0.565	0.202	0.0332	0.00229	6.26e-05	6.63e-07	1	0:00:36.370044
8520	8	8	0.846	0.619	0.318	0.097	0.0152	0.00109	3.36e-05	0.846	0.508	0.164	0.0239	0.00144	3.45e-05	3.19e-07	1	0:00:36.970581
8540	4	-1	0.0	0.0	0.0	0.0	0.0	0.0	0.0	0.0	0.0	0.0	0.0	0.0	0.0	0.0	0	0:00:22.634405
8560	7	7	0.975	0.892	0.639	0.277	0.0587	0.00538	0.0002	0.975	0.833	0.486	0.15	0.0209	0.0012	2.72e-05	1	0:00:37.257850
8580	3	-1	0.0	0.0	0.0	0.0	0.0	0.0	0.0	0.0	0.0	0.0	0.0	0.0	0.0	0.0	0	0:00:22.735345
8600	3	-1	0.0	0.0	0.0	0.0	0.0	0.0	0.0	0.0	0.0	0.0	0.0	0.0	0.0	0.0	0	0:00:22.828949
8620	3	-1	0.0	0.0	0.0	0.0	0.0	0.0	0.0	0.0	0.0	0.0	0.0	0.0	0.0	0.0	0	0:00:22.937898
8640	1	1	0.935	0.781	0.484	0.18	0.0334	0.00275	9.41e-05	0.935	0.696	0.313	0.0686	0.00645	0.000245	3.62e-06	1	0:00:38.641705
8660	7	7	0.952	0.83	0.55	0.219	0.0429	0.0037	0.000131	0.952	0.746	0.367	0.0903	0.00967	0.000421	7.16e-06	1	0:00:38.459651
8680	3	-1	0.0	0.0	0.0	0.0	0.0	0.0	0.0	0.0	0.0	0.0	0.0	0.0	0.0	0.0	0	0:00:22.922642
8700	3	3	0.834	0.671	0.412	0.155	0.0296	0.00251	8.77e-05	0.834	0.489	0.152	0.0213	0.00123	2.81e-05	2.47e-07	1	0:00:38.530128
8720	2	0	0.98	0.901	0.648	0.281	0.0597	0.00548	0.000204	0.98	0.854	0.522	0.172	0.0259	0.00161	3.98e-05	0	0:00:38.348542
8740	2	2	0.664	0.412	0.184	0.0522	0.00804	0.000588	1.86e-05	0.664	0.282	0.0574	0.00499	0.000174	2.36e-06	1.23e-08	1	0:00:38.388326
8760	8	8	0.992	0.929	0.686	0.305	0.0663	0.00619	0.000233	0.992	0.923	0.664	0.282	0.0575	0.005	0.000175	1	0:00:38.473629
8780	4	4	0.699	0.445	0.202	0.0569	0.00864	0.000623	1.94e-05	0.699	0.316	0.0696	0.00659	0.000252	3.75e-06	2.14e-08	1	0:00:38.342355
8800	0	0	0.973	0.899	0.655	0.289	0.0623	0.00579	0.000218	0.973	0.822	0.47	0.141	0.0189	0.00105	2.29e-05	1	0:00:38.295136
8820	2	2	0.993	0.933	0.694	0.313	0.0685	0.00646	0.000246	0.993	0.928	0.679	0.296	0.0623	0.00561	0.000203	1	0:00:38.462841
8840	2	-1	0.0	0.0	0.0	0.0	0.0	0.0	0.0	0.0	0.0	0.0	0.0	0.0	0.0	0.0	0	0:00:22.903782
8860	2	2	0.987	0.912	0.658	0.286	0.0606	0.00554	0.000205	0.987	0.888	0.586	0.217	0.0373	0.00269	7.74e-05	1	0:00:38.540202
8880	1	1	0.989	0.914	0.653	0.278	0.0573	0.0051	0.000184	0.989	0.904	0.62	0.244	0.0452	0.00353	0.00011	1	0:00:38.417889
8900	2	4	0.576	0.362	0.17	0.0514	0.00835	0.000633	2.05e-05	0.576	0.21	0.0353	0.0025	7.01e-05	7.64e-07	3.17e-09	0	0:00:37.585752
8920	6	6	0.906	0.725	0.423	0.148	0.0263	0.0021	6.99e-05	0.907	0.625	0.248	0.0464	0.00368	0.000116	1.43e-06	1	0:00:37.166267
8940	6	3	0.788	0.579	0.318	0.108	0.0192	0.00154	5.22e-05	0.788	0.421	0.115	0.0139	0.000686	1.33e-05	9.94e-08	0	0:00:38.613310
8960	0	-1	0.0	0.0	0.0	0.0	0.0	0.0	0.0	0.0	0.0	0.0	0.0	0.0	0.0	0.0	0	0:00:22.852912
8980	9	9	0.993	0.931	0.69	0.309	0.0671	0.00629	0.000238	0.993	0.928	0.678	0.295	0.062	0.00558	0.000202	1	0:00:38.407836
9000	8	8	0.993	0.932	0.691	0.31	0.0675	0.00633	0.00024	0.993	0.929	0.681	0.298	0.0631	0.00572	0.000209	1	0:00:37.128388
9020	7	7	0.992	0.923	0.671	0.292	0.0615	0.00558	0.000204	0.992	0.918	0.653	0.272	0.0542	0.00459	0.000156	1	0:00:37.015620
9040	2	5	0.941	0.815	0.537	0.214	0.0421	0.00364	0.000129	0.941	0.712	0.33	0.075	0.00735	0.000291	4.51e-06	0	0:00:37.174995
9060	9	9	0.914	0.718	0.397	0.128	0.0206	0.0015	4.63e-05	0.914	0.644	0.264	0.0514	0.00426	0.000141	1.82e-06	1	0:00:37.794846
9080	3	3	0.601	0.415	0.223	0.0771	0.014	0.00116	4e-05	0.601	0.228	0.0406	0.00303	9.05e-05	1.05e-06	4.62e-09	1	0:00:38.465660
9100	9	1	0.744	0.465	0.196	0.0493	0.00666	0.000433	1.24e-05	0.744	0.365	0.0895	0.00954	0.000413	7e-06	4.55e-08	0	0:00:38.429112
9120	3	-1	0.0	0.0	0.0	0.0	0.0	0.0	0.0	0.0	0.0	0.0	0.0	0.0	0.0	0.0	0	0:00:22.671753
9140	7	7	0.861	0.625	0.31	0.0891	0.013	0.000876	2.54e-05	0.861	0.534	0.18	0.0278	0.00179	4.54e-05	4.47e-07	1	0:00:37.768948
9160	5	3	0.604	0.408	0.211	0.0707	0.0125	0.00102	3.46e-05	0.604	0.231	0.0413	0.00311	9.36e-05	1.09e-06	4.85e-09	0	0:00:36.526143
9180	5	5	0.993	0.933	0.694	0.312	0.0683	0.00644	0.000245	0.993	0.929	0.681	0.298	0.063	0.0057	0.000208	1	0:00:36.299221
9200	8	8	0.975	0.884	0.619	0.26	0.0536	0.00479	0.000174	0.975	0.833	0.486	0.15	0.0209	0.0012	2.73e-05	1	0:00:36.308069
9220	8	8	0.984	0.903	0.644	0.275	0.0574	0.00518	0.00019	0.984	0.873	0.557	0.196	0.0316	0.00214	5.73e-05	1	0:00:37.679507
9240	8	8	0.876	0.675	0.377	0.127	0.0217	0.00168	5.5e-05	0.876	0.561	0.199	0.0325	0.00222	6.02e-05	6.32e-07	1	0:00:37.469296
9260	5	5	0.688	0.507	0.293	0.108	0.0204	0.00174	6.17e-05	0.688	0.305	0.0656	0.00604	0.000224	3.25e-06	1.8e-08	1	0:00:38.419899
9280	9	-1	0.0	0.0	0.0	0.0	0.0	0.0	0.0	0.0	0.0	0.0	0.0	0.0	0.0	0.0	0	0:00:22.880041
9300	5	-1	0.0	0.0	0.0	0.0	0.0	0.0	0.0	0.0	0.0	0.0	0.0	0.0	0.0	0.0	0	0:00:22.966690
9320	9	9	0.993	0.93	0.686	0.305	0.0657	0.0061	0.000229	0.993	0.928	0.677	0.295	0.0618	0.00555	0.0002	1	0:00:38.712542
9340	1	1	0.994	0.935	0.696	0.314	0.0688	0.00648	0.000247	0.994	0.934	0.694	0.311	0.0676	0.00632	0.000238	1	0:00:38.421571
9360	5	-1	0.0	0.0	0.0	0.0	0.0	0.0	0.0	0.0	0.0	0.0	0.0	0.0	0.0	0.0	0	0:00:22.873718
9380	5	-1	0.0	0.0	0.0	0.0	0.0	0.0	0.0	0.0	0.0	0.0	0.0	0.0	0.0	0.0	0	0:00:22.998746
9400	6	6	0.993	0.932	0.691	0.309	0.0674	0.00631	0.000238	0.993	0.93	0.682	0.3	0.0636	0.00577	0.000211	1	0:00:38.673667
9420	5	5	0.947	0.825	0.551	0.222	0.0446	0.00392	0.000141	0.947	0.732	0.352	0.0838	0.00866	0.000362	5.93e-06	1	0:00:38.495690
9440	8	8	0.943	0.789	0.484	0.176	0.0318	0.00255	8.5e-05	0.943	0.719	0.337	0.0776	0.00773	0.000312	4.91e-06	1	0:00:38.329956
9460	3	3	0.593	0.345	0.144	0.0388	0.00579	0.000416	1.3e-05	0.593	0.222	0.0388	0.00285	8.33e-05	9.45e-07	4.08e-09	1	0:00:38.436432
9480	2	2	0.566	0.329	0.139	0.0379	0.00568	0.000407	1.27e-05	0.566	0.202	0.0334	0.00231	6.33e-05	6.73e-07	2.73e-09	1	0:00:38.712234
9500	9	9	0.943	0.798	0.501	0.187	0.0348	0.00286	9.7e-05	0.943	0.72	0.339	0.0783	0.00784	0.000317	5.02e-06	1	0:00:38.363633
9520	1	1	0.962	0.85	0.574	0.233	0.0465	0.00406	0.000145	0.962	0.78	0.41	0.11	0.0129	0.000622	1.18e-05	1	0:00:38.409265
9540	5	5	0.904	0.765	0.497	0.196	0.0387	0.00336	0.00012	0.904	0.619	0.243	0.0449	0.0035	0.000109	1.32e-06	1	0:00:38.470977
9560	9	-1	0.0	0.0	0.0	0.0	0.0	0.0	0.0	0.0	0.0	0.0	0.0	0.0	0.0	0.0	0	0:00:22.871997
9580	1	1	0.994	0.935	0.697	0.314	0.0689	0.0065	0.000247	0.994	0.935	0.696	0.313	0.0686	0.00645	0.000245	1	0:00:38.453789
9600	8	8	0.833	0.572	0.263	0.0702	0.00969	0.000629	1.79e-05	0.833	0.486	0.151	0.021	0.00121	2.74e-05	2.4e-07	1	0:00:38.366758
9620	4	4	0.841	0.583	0.271	0.0727	0.00998	0.000641	1.8e-05	0.841	0.499	0.158	0.0226	0.00134	3.14e-05	2.83e-07	1	0:00:38.302356
9640	5	5	0.714	0.488	0.244	0.0762	0.0126	0.000958	3.1e-05	0.714	0.332	0.0758	0.00748	0.000298	4.63e-06	2.76e-08	1	0:00:38.475932
9660	6	6	0.988	0.915	0.662	0.288	0.061	0.00558	0.000207	0.988	0.897	0.604	0.231	0.0413	0.00311	9.35e-05	1	0:00:38.377989
9680	8	8	0.977	0.89	0.63	0.269	0.0561	0.00508	0.000187	0.977	0.841	0.499	0.158	0.0227	0.00134	3.15e-05	1	0:00:38.293378
9700	0	0	0.942	0.799	0.506	0.192	0.0362	0.00302	0.000104	0.943	0.718	0.336	0.0772	0.00768	0.000309	4.85e-06	1	0:00:38.311168
9720	8	-1	0.0	0.0	0.0	0.0	0.0	0.0	0.0	0.0	0.0	0.0	0.0	0.0	0.0	0.0	0	0:00:22.869305
9740	3	6	0.644	0.383	0.162	0.044	0.00656	0.00047	1.46e-05	0.644	0.264	0.0515	0.00426	0.000141	1.82e-06	8.98e-09	0	0:00:38.552936
9760	9	-1	0.0	0.0	0.0	0.0	0.0	0.0	0.0	0.0	0.0	0.0	0.0	0.0	0.0	0.0	0	0:00:22.892543
9780	4	4	0.603	0.355	0.149	0.0396	0.00577	0.000403	1.23e-05	0.603	0.23	0.0411	0.00309	9.27e-05	1.08e-06	4.79e-09	1	0:00:38.483020
9800	1	1	0.994	0.936	0.698	0.315	0.0693	0.00656	0.00025	0.994	0.936	0.698	0.315	0.0693	0.00655	0.00025	1	0:00:38.402214
9820	0	-1	0.0	0.0	0.0	0.0	0.0	0.0	0.0	0.0	0.0	0.0	0.0	0.0	0.0	0.0	0	0:00:22.876403
9840	4	7	0.799	0.614	0.359	0.13	0.0242	0.00202	7e-05	0.799	0.436	0.123	0.0154	0.000788	1.59e-05	1.23e-07	0	0:00:38.570538
9860	0	-1	0.0	0.0	0.0	0.0	0.0	0.0	0.0	0.0	0.0	0.0	0.0	0.0	0.0	0.0	0	0:00:22.901838
9880	7	-1	0.0	0.0	0.0	0.0	0.0	0.0	0.0	0.0	0.0	0.0	0.0	0.0	0.0	0.0	0	0:00:22.993071
9900	8	8	0.994	0.933	0.692	0.31	0.0675	0.00633	0.000239	0.994	0.931	0.687	0.304	0.065	0.00597	0.000221	1	0:00:38.733470
9920	6	6	0.992	0.929	0.686	0.306	0.0663	0.0062	0.000234	0.992	0.922	0.663	0.281	0.057	0.00493	0.000171	1	0:00:38.404723
9940	4	-1	0.0	0.0	0.0	0.0	0.0	0.0	0.0	0.0	0.0	0.0	0.0	0.0	0.0	0.0	0	0:00:22.901461
9960	2	0	0.971	0.888	0.636	0.275	0.0583	0.00535	0.000199	0.971	0.816	0.461	0.136	0.0179	0.000973	2.08e-05	0	0:00:38.720348
9980	0	0	0.992	0.932	0.694	0.313	0.0687	0.00649	0.000247	0.992	0.92	0.659	0.277	0.0557	0.00478	0.000164	1	0:00:38.468358
