idx	label	predict	exp_cdf_00	exp_cdf_25	exp_cdf_50	exp_cdf_75	exp_cdf_100	exp_cdf_125	exp_cdf_150	exp_00	exp_25	exp_50	exp_75	exp_100	exp_125	exp_150	correct	time
0	0	-1	0.0	0.0	0.0	0.0	0.0	0.0	0.0	0.0	0.0	0.0	0.0	0.0	0.0	0.0	0	0:01:47.733559
100	2	2	0.874	0.828	0.758	0.656	0.518	0.363	0.218	0.874	0.74	0.557	0.361	0.196	0.0875	0.0317	1	0:02:00.022136
200	4	-1	0.0	0.0	0.0	0.0	0.0	0.0	0.0	0.0	0.0	0.0	0.0	0.0	0.0	0.0	0	0:01:46.405005
300	6	6	0.702	0.627	0.538	0.436	0.324	0.215	0.123	0.702	0.512	0.319	0.166	0.0708	0.0244	0.00676	1	0:02:00.402797
400	8	8	0.893	0.839	0.755	0.634	0.483	0.324	0.186	0.893	0.772	0.597	0.399	0.225	0.105	0.0396	1	0:02:00.202300
500	10	10	0.958	0.93	0.876	0.779	0.632	0.452	0.277	0.958	0.891	0.767	0.591	0.393	0.22	0.102	1	0:02:00.697972
600	12	-1	0.0	0.0	0.0	0.0	0.0	0.0	0.0	0.0	0.0	0.0	0.0	0.0	0.0	0.0	0	0:01:46.533906
700	14	14	0.991	0.974	0.93	0.838	0.69	0.5	0.31	0.991	0.97	0.916	0.81	0.647	0.451	0.266	1	0:02:00.761078
800	16	16	0.72	0.603	0.472	0.341	0.224	0.131	0.0668	0.72	0.534	0.339	0.18	0.0784	0.0277	0.00785	1	0:02:00.332145
900	18	-1	0.0	0.0	0.0	0.0	0.0	0.0	0.0	0.0	0.0	0.0	0.0	0.0	0.0	0.0	0	0:01:46.674789
1000	20	20	0.943	0.892	0.807	0.682	0.523	0.354	0.205	0.943	0.859	0.718	0.531	0.337	0.178	0.0775	1	0:02:01.886537
1100	22	21	0.756	0.674	0.574	0.458	0.333	0.216	0.121	0.756	0.577	0.38	0.21	0.0958	0.0355	0.0106	0	0:02:01.540998
1200	24	24	0.986	0.964	0.914	0.817	0.666	0.478	0.293	0.986	0.955	0.883	0.755	0.576	0.379	0.209	1	0:02:00.577414
1300	26	-1	0.0	0.0	0.0	0.0	0.0	0.0	0.0	0.0	0.0	0.0	0.0	0.0	0.0	0.0	0	0:01:46.508574
1400	28	-1	0.0	0.0	0.0	0.0	0.0	0.0	0.0	0.0	0.0	0.0	0.0	0.0	0.0	0.0	0	0:01:46.904725
1500	30	30	0.847	0.766	0.655	0.518	0.369	0.231	0.125	0.847	0.699	0.509	0.316	0.164	0.0697	0.024	1	0:02:00.969116
1600	32	-1	0.0	0.0	0.0	0.0	0.0	0.0	0.0	0.0	0.0	0.0	0.0	0.0	0.0	0.0	0	0:01:46.527009
1700	34	-1	0.0	0.0	0.0	0.0	0.0	0.0	0.0	0.0	0.0	0.0	0.0	0.0	0.0	0.0	0	0:01:46.974468
1800	36	35	0.516	0.468	0.413	0.345	0.266	0.182	0.108	0.514	0.321	0.167	0.0715	0.0247	0.00686	0.00152	0	0:02:00.623025
1900	38	44	0.753	0.67	0.569	0.452	0.327	0.211	0.117	0.753	0.573	0.376	0.207	0.0942	0.0347	0.0103	0	0:02:00.626851
2000	40	-1	0.0	0.0	0.0	0.0	0.0	0.0	0.0	0.0	0.0	0.0	0.0	0.0	0.0	0.0	0	0:01:46.548294
2100	42	48	0.844	0.766	0.661	0.531	0.388	0.25	0.14	0.844	0.696	0.505	0.313	0.162	0.0685	0.0234	0	0:02:01.208340
2200	44	-1	0.0	0.0	0.0	0.0	0.0	0.0	0.0	0.0	0.0	0.0	0.0	0.0	0.0	0.0	0	0:01:46.582409
2300	46	40	0.592	0.552	0.501	0.431	0.341	0.239	0.144	0.59	0.393	0.22	0.102	0.0382	0.0115	0.00279	0	0:02:00.927062
2400	48	-1	0.0	0.0	0.0	0.0	0.0	0.0	0.0	0.0	0.0	0.0	0.0	0.0	0.0	0.0	0	0:01:46.532942
2500	50	47	0.63	0.507	0.381	0.265	0.167	0.0944	0.0468	0.63	0.433	0.252	0.121	0.0475	0.015	0.0038	0	0:02:00.826906
2600	52	-1	0.0	0.0	0.0	0.0	0.0	0.0	0.0	0.0	0.0	0.0	0.0	0.0	0.0	0.0	0	0:01:46.549676
2700	54	57	0.644	0.582	0.509	0.422	0.322	0.219	0.129	0.643	0.447	0.263	0.128	0.0512	0.0164	0.00422	0	0:02:00.777203
2800	56	56	0.967	0.94	0.884	0.784	0.633	0.451	0.275	0.968	0.911	0.801	0.635	0.439	0.256	0.124	1	0:02:00.540676
2900	58	-1	0.0	0.0	0.0	0.0	0.0	0.0	0.0	0.0	0.0	0.0	0.0	0.0	0.0	0.0	0	0:01:46.609687
3000	60	-1	0.0	0.0	0.0	0.0	0.0	0.0	0.0	0.0	0.0	0.0	0.0	0.0	0.0	0.0	0	0:01:46.890455
3100	62	61	0.763	0.698	0.616	0.513	0.392	0.266	0.156	0.763	0.585	0.388	0.216	0.0994	0.0371	0.0112	0	0:02:00.665738
3200	64	64	0.77	0.721	0.654	0.56	0.439	0.305	0.182	0.77	0.594	0.397	0.223	0.104	0.0391	0.0119	1	0:02:00.544045
3300	66	-1	0.0	0.0	0.0	0.0	0.0	0.0	0.0	0.0	0.0	0.0	0.0	0.0	0.0	0.0	0	0:01:46.538762
3400	68	111	0.775	0.692	0.589	0.47	0.343	0.222	0.125	0.775	0.601	0.404	0.229	0.107	0.0406	0.0124	0	0:02:00.786639
3500	70	70	0.993	0.976	0.933	0.843	0.696	0.505	0.314	0.993	0.974	0.926	0.828	0.672	0.479	0.29	1	0:02:00.419380
3600	72	72	0.667	0.623	0.564	0.484	0.38	0.265	0.159	0.666	0.472	0.284	0.142	0.0581	0.0192	0.00508	1	0:02:00.296137
3700	74	78	0.858	0.77	0.649	0.503	0.351	0.215	0.113	0.858	0.717	0.529	0.335	0.177	0.0768	0.027	0	0:02:00.336803
3800	76	-1	0.0	0.0	0.0	0.0	0.0	0.0	0.0	0.0	0.0	0.0	0.0	0.0	0.0	0.0	0	0:01:46.487844
3900	78	78	0.843	0.767	0.664	0.536	0.394	0.256	0.144	0.843	0.695	0.503	0.312	0.161	0.0679	0.0232	1	0:02:00.641456
4000	80	80	0.991	0.973	0.929	0.838	0.689	0.5	0.31	0.991	0.969	0.913	0.805	0.64	0.444	0.261	1	0:02:00.285265
4100	82	82	0.825	0.776	0.704	0.601	0.469	0.323	0.191	0.825	0.668	0.474	0.286	0.143	0.0587	0.0194	1	0:02:00.185254
4200	84	84	0.568	0.454	0.341	0.237	0.15	0.0852	0.0424	0.568	0.371	0.204	0.0919	0.0337	0.00993	0.00233	1	0:02:00.419390
4300	86	86	0.564	0.523	0.471	0.403	0.316	0.221	0.132	0.562	0.366	0.2	0.0897	0.0327	0.00957	0.00224	1	0:02:00.951638
4400	88	88	0.557	0.445	0.333	0.23	0.145	0.0814	0.04	0.557	0.361	0.196	0.0875	0.0317	0.00922	0.00214	1	0:02:00.882664
4500	90	90	0.991	0.974	0.93	0.839	0.69	0.501	0.31	0.991	0.97	0.917	0.811	0.649	0.453	0.269	1	0:02:00.883645
4600	92	92	0.538	0.437	0.337	0.244	0.162	0.0971	0.0509	0.537	0.342	0.182	0.0798	0.0283	0.00806	0.00183	1	0:02:00.910110
4700	94	94	0.971	0.944	0.889	0.789	0.639	0.456	0.278	0.971	0.918	0.814	0.653	0.457	0.272	0.134	1	0:02:00.895689
4800	96	96	0.985	0.967	0.923	0.832	0.685	0.497	0.308	0.985	0.953	0.881	0.751	0.571	0.374	0.206	1	0:02:00.885206
4900	98	-1	0.0	0.0	0.0	0.0	0.0	0.0	0.0	0.0	0.0	0.0	0.0	0.0	0.0	0.0	0	0:01:46.504691
5000	100	100	0.978	0.957	0.909	0.816	0.668	0.482	0.297	0.978	0.936	0.846	0.699	0.508	0.316	0.164	1	0:02:01.192065
5100	102	102	0.988	0.969	0.924	0.831	0.683	0.494	0.305	0.988	0.96	0.895	0.775	0.6	0.403	0.228	1	0:02:00.825197
5200	104	104	0.557	0.442	0.33	0.229	0.145	0.083	0.0417	0.556	0.36	0.195	0.0872	0.0316	0.00919	0.00213	1	0:02:00.804770
5300	106	106	0.902	0.833	0.731	0.596	0.439	0.285	0.159	0.902	0.786	0.615	0.418	0.239	0.113	0.0438	1	0:02:00.577802
5400	108	470	0.558	0.436	0.319	0.217	0.135	0.076	0.0377	0.558	0.362	0.197	0.088	0.0319	0.00931	0.00216	0	0:02:00.553403
5500	110	110	0.906	0.865	0.799	0.695	0.552	0.388	0.234	0.906	0.794	0.625	0.428	0.248	0.119	0.0464	1	0:02:00.118629
5600	112	112	0.556	0.429	0.307	0.202	0.122	0.0656	0.0312	0.556	0.36	0.195	0.0871	0.0315	0.00917	0.00213	1	0:02:00.051125
5700	114	113	0.842	0.761	0.653	0.52	0.375	0.239	0.131	0.842	0.692	0.5	0.309	0.159	0.0669	0.0228	0	0:02:00.089409
5800	116	116	0.984	0.958	0.901	0.796	0.638	0.45	0.271	0.984	0.95	0.874	0.741	0.558	0.362	0.197	1	0:02:00.270826
5900	118	118	0.663	0.6	0.525	0.434	0.329	0.222	0.13	0.662	0.467	0.28	0.14	0.0568	0.0187	0.00491	1	0:02:00.240707
6000	120	-1	0.0	0.0	0.0	0.0	0.0	0.0	0.0	0.0	0.0	0.0	0.0	0.0	0.0	0.0	0	0:01:46.496970
6100	122	122	0.804	0.733	0.638	0.518	0.384	0.251	0.142	0.804	0.64	0.443	0.26	0.127	0.0502	0.0161	1	0:02:00.637866
6200	124	-1	0.0	0.0	0.0	0.0	0.0	0.0	0.0	0.0	0.0	0.0	0.0	0.0	0.0	0.0	0	0:01:46.592964
6300	126	-1	0.0	0.0	0.0	0.0	0.0	0.0	0.0	0.0	0.0	0.0	0.0	0.0	0.0	0.0	0	0:01:46.879876
6400	128	128	0.971	0.948	0.899	0.806	0.659	0.475	0.293	0.971	0.918	0.815	0.654	0.458	0.273	0.135	1	0:02:00.754043
6500	130	130	0.913	0.853	0.762	0.634	0.479	0.319	0.183	0.913	0.805	0.64	0.444	0.261	0.127	0.0504	1	0:02:00.707582
6600	132	132	0.978	0.956	0.906	0.81	0.661	0.476	0.292	0.978	0.935	0.845	0.697	0.506	0.314	0.163	1	0:02:00.871933
6700	134	-1	0.0	0.0	0.0	0.0	0.0	0.0	0.0	0.0	0.0	0.0	0.0	0.0	0.0	0.0	0	0:01:46.543578
6800	136	136	0.994	0.978	0.936	0.846	0.698	0.508	0.315	0.994	0.978	0.936	0.846	0.698	0.508	0.315	1	0:02:01.382806
6900	138	138	0.97	0.939	0.879	0.773	0.619	0.437	0.264	0.97	0.916	0.809	0.647	0.451	0.266	0.131	1	0:02:00.864352
7000	140	140	0.971	0.948	0.899	0.805	0.658	0.474	0.292	0.971	0.919	0.816	0.655	0.46	0.274	0.135	1	0:02:00.674565
7100	142	135	0.531	0.414	0.303	0.207	0.129	0.0728	0.0362	0.531	0.337	0.178	0.0776	0.0273	0.00773	0.00174	0	0:02:00.828784
7200	144	-1	0.0	0.0	0.0	0.0	0.0	0.0	0.0	0.0	0.0	0.0	0.0	0.0	0.0	0.0	0	0:01:46.536489
7300	146	-1	0.0	0.0	0.0	0.0	0.0	0.0	0.0	0.0	0.0	0.0	0.0	0.0	0.0	0.0	0	0:01:46.969927
7400	148	148	0.994	0.978	0.935	0.846	0.698	0.507	0.315	0.994	0.978	0.934	0.843	0.694	0.503	0.311	1	0:02:01.095182
7500	150	360	0.79	0.707	0.6	0.474	0.339	0.214	0.116	0.79	0.62	0.423	0.244	0.116	0.0451	0.0141	0	0:02:00.719178
7600	152	152	0.9	0.856	0.784	0.676	0.531	0.368	0.219	0.9	0.783	0.611	0.413	0.236	0.111	0.0428	1	0:02:00.276983
7700	154	-1	0.0	0.0	0.0	0.0	0.0	0.0	0.0	0.0	0.0	0.0	0.0	0.0	0.0	0.0	0	0:01:46.505142
7800	156	156	0.875	0.824	0.749	0.641	0.501	0.347	0.206	0.875	0.742	0.559	0.363	0.197	0.0884	0.0321	1	0:02:00.763392
7900	158	-1	0.0	0.0	0.0	0.0	0.0	0.0	0.0	0.0	0.0	0.0	0.0	0.0	0.0	0.0	0	0:01:46.552474
8000	160	160	0.976	0.945	0.882	0.771	0.612	0.427	0.254	0.976	0.931	0.837	0.686	0.494	0.303	0.155	1	0:02:00.773550
8100	162	162	0.846	0.78	0.686	0.563	0.419	0.275	0.156	0.845	0.698	0.507	0.315	0.163	0.0691	0.0237	1	0:02:01.265298
8200	164	-1	0.0	0.0	0.0	0.0	0.0	0.0	0.0	0.0	0.0	0.0	0.0	0.0	0.0	0.0	0	0:01:46.604481
8300	166	-1	0.0	0.0	0.0	0.0	0.0	0.0	0.0	0.0	0.0	0.0	0.0	0.0	0.0	0.0	0	0:01:47.030613
8400	168	-1	0.0	0.0	0.0	0.0	0.0	0.0	0.0	0.0	0.0	0.0	0.0	0.0	0.0	0.0	0	0:01:47.058407
8500	170	-1	0.0	0.0	0.0	0.0	0.0	0.0	0.0	0.0	0.0	0.0	0.0	0.0	0.0	0.0	0	0:01:47.035551
8600	172	-1	0.0	0.0	0.0	0.0	0.0	0.0	0.0	0.0	0.0	0.0	0.0	0.0	0.0	0.0	0	0:01:47.023016
8700	174	-1	0.0	0.0	0.0	0.0	0.0	0.0	0.0	0.0	0.0	0.0	0.0	0.0	0.0	0.0	0	0:01:47.027652
8800	176	176	0.731	0.637	0.527	0.406	0.286	0.179	0.0969	0.731	0.546	0.351	0.188	0.0832	0.0298	0.00857	1	0:02:01.685757
8900	178	178	0.957	0.923	0.861	0.757	0.606	0.428	0.259	0.957	0.887	0.762	0.584	0.387	0.215	0.0989	1	0:02:01.280184
9000	180	-1	0.0	0.0	0.0	0.0	0.0	0.0	0.0	0.0	0.0	0.0	0.0	0.0	0.0	0.0	0	0:01:46.670225
9100	182	-1	0.0	0.0	0.0	0.0	0.0	0.0	0.0	0.0	0.0	0.0	0.0	0.0	0.0	0.0	0	0:01:47.070389
9200	184	-1	0.0	0.0	0.0	0.0	0.0	0.0	0.0	0.0	0.0	0.0	0.0	0.0	0.0	0.0	0	0:01:47.085770
9300	186	192	0.61	0.541	0.464	0.376	0.281	0.188	0.108	0.609	0.412	0.235	0.111	0.0424	0.0131	0.00323	0	0:02:00.689465
9400	188	-1	0.0	0.0	0.0	0.0	0.0	0.0	0.0	0.0	0.0	0.0	0.0	0.0	0.0	0.0	0	0:01:46.647819
9500	190	190	0.983	0.964	0.919	0.828	0.681	0.493	0.305	0.983	0.947	0.867	0.73	0.545	0.349	0.187	1	0:02:00.933413
9600	192	199	0.636	0.54	0.434	0.323	0.219	0.132	0.0687	0.636	0.439	0.257	0.124	0.0492	0.0157	0.00399	0	0:02:01.344083
9700	194	-1	0.0	0.0	0.0	0.0	0.0	0.0	0.0	0.0	0.0	0.0	0.0	0.0	0.0	0.0	0	0:01:46.565467
9800	196	199	0.92	0.875	0.802	0.691	0.542	0.376	0.223	0.92	0.817	0.656	0.461	0.275	0.136	0.055	0	0:02:00.839846
9900	198	198	0.527	0.435	0.339	0.245	0.162	0.0949	0.0484	0.526	0.332	0.175	0.0757	0.0265	0.00745	0.00167	1	0:02:00.277527
10000	200	-1	0.0	0.0	0.0	0.0	0.0	0.0	0.0	0.0	0.0	0.0	0.0	0.0	0.0	0.0	0	0:01:46.486201
10100	202	202	0.575	0.5	0.418	0.33	0.239	0.155	0.0868	0.574	0.377	0.208	0.0945	0.0349	0.0103	0.00245	1	0:02:00.602887
10200	204	204	0.584	0.516	0.44	0.355	0.264	0.175	0.101	0.583	0.386	0.215	0.0984	0.0367	0.011	0.00263	1	0:02:00.193587
10300	206	206	0.804	0.724	0.619	0.495	0.359	0.231	0.128	0.804	0.639	0.443	0.26	0.127	0.0502	0.0161	1	0:02:00.256263
10400	208	-1	0.0	0.0	0.0	0.0	0.0	0.0	0.0	0.0	0.0	0.0	0.0	0.0	0.0	0.0	0	0:01:46.575652
10500	210	210	0.686	0.591	0.484	0.37	0.258	0.161	0.0868	0.686	0.494	0.303	0.155	0.0649	0.022	0.00596	1	0:02:00.697619
10600	212	-1	0.0	0.0	0.0	0.0	0.0	0.0	0.0	0.0	0.0	0.0	0.0	0.0	0.0	0.0	0	0:01:46.539085
10700	214	-1	0.0	0.0	0.0	0.0	0.0	0.0	0.0	0.0	0.0	0.0	0.0	0.0	0.0	0.0	0	0:01:46.972892
10800	216	216	0.82	0.735	0.625	0.493	0.354	0.224	0.123	0.82	0.661	0.466	0.279	0.139	0.0565	0.0186	1	0:02:01.117588
10900	218	218	0.921	0.895	0.844	0.753	0.614	0.441	0.271	0.921	0.819	0.66	0.465	0.278	0.138	0.0562	1	0:02:00.739474
11000	220	220	0.768	0.685	0.581	0.46	0.332	0.212	0.117	0.768	0.591	0.394	0.221	0.102	0.0385	0.0116	1	0:02:00.432482
11100	222	-1	0.0	0.0	0.0	0.0	0.0	0.0	0.0	0.0	0.0	0.0	0.0	0.0	0.0	0.0	0	0:01:46.564825
11200	224	-1	0.0	0.0	0.0	0.0	0.0	0.0	0.0	0.0	0.0	0.0	0.0	0.0	0.0	0.0	0	0:01:46.992538
11300	226	226	0.844	0.78	0.693	0.579	0.442	0.299	0.174	0.844	0.696	0.505	0.313	0.162	0.0685	0.0234	1	0:02:01.024774
11400	228	228	0.839	0.746	0.626	0.486	0.341	0.212	0.114	0.839	0.688	0.496	0.305	0.156	0.0655	0.0222	1	0:02:00.884902
11500	230	231	0.582	0.523	0.454	0.375	0.284	0.193	0.113	0.581	0.384	0.213	0.0977	0.0364	0.0109	0.0026	0	0:02:00.805944
11600	232	232	0.658	0.573	0.474	0.366	0.258	0.162	0.0883	0.658	0.463	0.276	0.137	0.0555	0.0181	0.00474	1	0:02:00.917457
11700	234	-1	0.0	0.0	0.0	0.0	0.0	0.0	0.0	0.0	0.0	0.0	0.0	0.0	0.0	0.0	0	0:01:46.569532
11800	236	-1	0.0	0.0	0.0	0.0	0.0	0.0	0.0	0.0	0.0	0.0	0.0	0.0	0.0	0.0	0	0:01:47.009519
11900	238	-1	0.0	0.0	0.0	0.0	0.0	0.0	0.0	0.0	0.0	0.0	0.0	0.0	0.0	0.0	0	0:01:47.034851
12000	240	238	0.683	0.638	0.578	0.496	0.39	0.272	0.163	0.682	0.49	0.3	0.153	0.0636	0.0214	0.00578	0	0:02:01.227646
12100	242	-1	0.0	0.0	0.0	0.0	0.0	0.0	0.0	0.0	0.0	0.0	0.0	0.0	0.0	0.0	0	0:01:46.570212
12200	244	244	0.991	0.974	0.929	0.838	0.69	0.5	0.31	0.991	0.969	0.915	0.809	0.645	0.449	0.265	1	0:02:01.241356
12300	246	-1	0.0	0.0	0.0	0.0	0.0	0.0	0.0	0.0	0.0	0.0	0.0	0.0	0.0	0.0	0	0:01:46.577893
12400	248	-1	0.0	0.0	0.0	0.0	0.0	0.0	0.0	0.0	0.0	0.0	0.0	0.0	0.0	0.0	0	0:01:46.925586
12500	250	-1	0.0	0.0	0.0	0.0	0.0	0.0	0.0	0.0	0.0	0.0	0.0	0.0	0.0	0.0	0	0:01:46.979355
12600	252	-1	0.0	0.0	0.0	0.0	0.0	0.0	0.0	0.0	0.0	0.0	0.0	0.0	0.0	0.0	0	0:01:46.957154
12700	254	-1	0.0	0.0	0.0	0.0	0.0	0.0	0.0	0.0	0.0	0.0	0.0	0.0	0.0	0.0	0	0:01:46.966103
12800	256	256	0.843	0.788	0.708	0.597	0.459	0.312	0.182	0.842	0.693	0.502	0.31	0.16	0.0674	0.023	1	0:02:00.883599
12900	258	258	0.566	0.464	0.36	0.261	0.173	0.102	0.0531	0.566	0.369	0.202	0.0912	0.0334	0.00981	0.0023	1	0:02:00.822842
13000	260	260	0.819	0.728	0.612	0.476	0.336	0.21	0.113	0.819	0.659	0.464	0.278	0.138	0.056	0.0183	1	0:02:00.715029
13100	262	262	0.977	0.953	0.901	0.803	0.653	0.468	0.287	0.977	0.933	0.842	0.692	0.5	0.309	0.159	1	0:02:00.786167
13200	264	-1	0.0	0.0	0.0	0.0	0.0	0.0	0.0	0.0	0.0	0.0	0.0	0.0	0.0	0.0	0	0:01:46.529503
13300	266	266	0.628	0.586	0.528	0.45	0.351	0.243	0.144	0.627	0.43	0.249	0.12	0.0468	0.0148	0.00372	1	0:02:01.247922
13400	268	268	0.936	0.898	0.831	0.725	0.576	0.404	0.243	0.936	0.847	0.7	0.509	0.317	0.164	0.0699	1	0:02:00.802110
13500	270	270	0.939	0.906	0.845	0.742	0.594	0.419	0.254	0.939	0.853	0.708	0.519	0.326	0.171	0.0733	1	0:02:00.568325
13600	272	-1	0.0	0.0	0.0	0.0	0.0	0.0	0.0	0.0	0.0	0.0	0.0	0.0	0.0	0.0	0	0:01:46.550746
13700	274	274	0.987	0.967	0.919	0.824	0.673	0.485	0.298	0.987	0.958	0.89	0.766	0.59	0.392	0.22	1	0:02:01.166685
13800	276	276	0.99	0.971	0.925	0.831	0.682	0.492	0.304	0.99	0.965	0.906	0.792	0.623	0.426	0.247	1	0:02:00.568682
13900	278	277	0.513	0.471	0.42	0.355	0.277	0.192	0.114	0.512	0.319	0.166	0.0706	0.0244	0.00673	0.00148	0	0:02:00.709646
14000	280	280	0.928	0.885	0.814	0.702	0.552	0.382	0.227	0.928	0.832	0.678	0.485	0.295	0.149	0.0619	1	0:02:00.658482
14100	282	-1	0.0	0.0	0.0	0.0	0.0	0.0	0.0	0.0	0.0	0.0	0.0	0.0	0.0	0.0	0	0:01:46.514240
14200	284	284	0.992	0.976	0.933	0.843	0.695	0.505	0.313	0.992	0.973	0.924	0.824	0.667	0.472	0.284	1	0:02:00.962544
14300	286	286	0.98	0.955	0.9	0.799	0.646	0.46	0.28	0.98	0.941	0.856	0.714	0.526	0.331	0.175	1	0:02:00.838004
14400	288	288	0.883	0.837	0.766	0.66	0.52	0.362	0.216	0.883	0.755	0.576	0.378	0.209	0.0952	0.0352	1	0:02:00.608736
14500	290	290	0.936	0.907	0.852	0.756	0.613	0.439	0.269	0.936	0.847	0.7	0.509	0.317	0.164	0.0699	1	0:02:00.062512
14600	292	290	0.794	0.74	0.667	0.567	0.442	0.305	0.181	0.793	0.625	0.428	0.248	0.119	0.0463	0.0146	0	0:01:59.955988
14700	294	294	0.975	0.946	0.887	0.782	0.627	0.443	0.268	0.975	0.927	0.83	0.675	0.481	0.292	0.148	1	0:02:01.060779
14800	296	-1	0.0	0.0	0.0	0.0	0.0	0.0	0.0	0.0	0.0	0.0	0.0	0.0	0.0	0.0	0	0:01:46.459632
14900	298	-1	0.0	0.0	0.0	0.0	0.0	0.0	0.0	0.0	0.0	0.0	0.0	0.0	0.0	0.0	0	0:01:46.873805
15000	300	300	0.993	0.976	0.932	0.841	0.693	0.503	0.312	0.993	0.974	0.925	0.826	0.669	0.475	0.287	1	0:02:00.900489
15100	302	-1	0.0	0.0	0.0	0.0	0.0	0.0	0.0	0.0	0.0	0.0	0.0	0.0	0.0	0.0	0	0:01:46.550676
15200	304	-1	0.0	0.0	0.0	0.0	0.0	0.0	0.0	0.0	0.0	0.0	0.0	0.0	0.0	0.0	0	0:01:46.954214
15300	306	306	0.738	0.618	0.48	0.341	0.218	0.123	0.0602	0.738	0.555	0.358	0.194	0.0865	0.0313	0.00908	1	0:02:00.865921
15400	308	-1	0.0	0.0	0.0	0.0	0.0	0.0	0.0	0.0	0.0	0.0	0.0	0.0	0.0	0.0	0	0:01:46.496671
15500	310	310	0.99	0.97	0.923	0.829	0.678	0.489	0.301	0.99	0.965	0.906	0.792	0.623	0.426	0.247	1	0:02:00.783230
15600	312	-1	0.0	0.0	0.0	0.0	0.0	0.0	0.0	0.0	0.0	0.0	0.0	0.0	0.0	0.0	0	0:01:46.519344
15700	314	-1	0.0	0.0	0.0	0.0	0.0	0.0	0.0	0.0	0.0	0.0	0.0	0.0	0.0	0.0	0	0:01:46.841239
15800	316	316	0.976	0.951	0.896	0.796	0.645	0.46	0.281	0.976	0.931	0.838	0.686	0.494	0.303	0.155	1	0:02:00.756545
15900	318	318	0.695	0.591	0.475	0.356	0.244	0.149	0.0792	0.695	0.504	0.312	0.161	0.068	0.0232	0.00637	1	0:02:00.568459
16000	320	320	0.946	0.921	0.87	0.776	0.633	0.455	0.28	0.946	0.866	0.729	0.544	0.348	0.187	0.0822	1	0:02:00.305310
16100	322	322	0.643	0.557	0.463	0.364	0.264	0.171	0.0969	0.643	0.447	0.263	0.128	0.0511	0.0164	0.00422	1	0:02:00.423151
16200	324	324	0.918	0.881	0.819	0.72	0.578	0.41	0.25	0.918	0.813	0.651	0.456	0.271	0.133	0.0536	1	0:02:00.470779
16300	326	326	0.878	0.823	0.742	0.628	0.486	0.333	0.196	0.878	0.748	0.566	0.37	0.202	0.0913	0.0334	1	0:02:00.631931
16400	328	328	0.979	0.957	0.908	0.814	0.665	0.479	0.295	0.979	0.937	0.848	0.701	0.511	0.319	0.166	1	0:02:00.372881
16500	330	-1	0.0	0.0	0.0	0.0	0.0	0.0	0.0	0.0	0.0	0.0	0.0	0.0	0.0	0.0	0	0:01:46.482515
16600	332	-1	0.0	0.0	0.0	0.0	0.0	0.0	0.0	0.0	0.0	0.0	0.0	0.0	0.0	0.0	0	0:01:46.882921
16700	334	334	0.783	0.694	0.583	0.455	0.323	0.202	0.11	0.783	0.612	0.414	0.237	0.112	0.043	0.0133	1	0:02:00.808989
16800	336	336	0.521	0.376	0.247	0.145	0.0767	0.036	0.0149	0.521	0.327	0.171	0.0738	0.0257	0.00718	0.0016	1	0:02:00.475737
16900	338	-1	0.0	0.0	0.0	0.0	0.0	0.0	0.0	0.0	0.0	0.0	0.0	0.0	0.0	0.0	0	0:01:46.476855
17000	340	340	0.989	0.972	0.928	0.838	0.691	0.502	0.311	0.989	0.964	0.902	0.786	0.615	0.418	0.24	1	0:02:00.772592
17100	342	-1	0.0	0.0	0.0	0.0	0.0	0.0	0.0	0.0	0.0	0.0	0.0	0.0	0.0	0.0	0	0:01:46.485260
17200	344	344	0.744	0.638	0.516	0.386	0.262	0.158	0.0829	0.744	0.562	0.365	0.199	0.0894	0.0326	0.00953	1	0:02:00.983247
17300	346	-1	0.0	0.0	0.0	0.0	0.0	0.0	0.0	0.0	0.0	0.0	0.0	0.0	0.0	0.0	0	0:01:46.515242
17400	348	348	0.878	0.833	0.763	0.659	0.519	0.362	0.217	0.878	0.748	0.566	0.37	0.202	0.0913	0.0334	1	0:02:00.763475
17500	350	350	0.994	0.978	0.935	0.845	0.697	0.507	0.315	0.994	0.977	0.933	0.842	0.692	0.501	0.309	1	0:02:00.409369
17600	352	352	0.74	0.645	0.53	0.404	0.28	0.172	0.0918	0.74	0.557	0.361	0.196	0.0875	0.0317	0.00923	1	0:02:00.457034
17700	354	354	0.874	0.804	0.705	0.577	0.43	0.282	0.16	0.874	0.741	0.558	0.362	0.196	0.0878	0.0319	1	0:02:00.522506
17800	356	-1	0.0	0.0	0.0	0.0	0.0	0.0	0.0	0.0	0.0	0.0	0.0	0.0	0.0	0.0	0	0:01:46.528182
17900	358	359	0.629	0.573	0.503	0.416	0.315	0.211	0.122	0.628	0.431	0.25	0.12	0.0472	0.0149	0.00376	0	0:02:01.181919
18000	360	360	0.958	0.922	0.855	0.744	0.588	0.409	0.243	0.958	0.889	0.765	0.588	0.391	0.219	0.101	1	0:02:00.702571
18100	362	362	0.99	0.972	0.926	0.833	0.684	0.495	0.306	0.99	0.966	0.908	0.796	0.628	0.432	0.251	1	0:02:00.623614
18200	364	364	0.955	0.913	0.839	0.721	0.562	0.386	0.227	0.955	0.885	0.758	0.579	0.382	0.212	0.0969	1	0:02:00.346868
18300	366	-1	0.0	0.0	0.0	0.0	0.0	0.0	0.0	0.0	0.0	0.0	0.0	0.0	0.0	0.0	0	0:01:46.487073
18400	368	368	0.775	0.696	0.597	0.479	0.351	0.229	0.129	0.775	0.601	0.404	0.228	0.107	0.0406	0.0124	1	0:02:00.915059
18500	370	370	0.878	0.836	0.771	0.671	0.535	0.377	0.228	0.878	0.747	0.566	0.369	0.202	0.091	0.0333	1	0:02:00.454290
18600	372	372	0.576	0.467	0.358	0.254	0.166	0.0966	0.0493	0.576	0.379	0.209	0.0953	0.0352	0.0105	0.00248	1	0:02:00.506384
18700	374	-1	0.0	0.0	0.0	0.0	0.0	0.0	0.0	0.0	0.0	0.0	0.0	0.0	0.0	0.0	0	0:01:46.466103
18800	376	376	0.927	0.865	0.766	0.628	0.464	0.301	0.167	0.927	0.83	0.675	0.481	0.292	0.148	0.0609	1	0:02:00.829865
18900	378	-1	0.0	0.0	0.0	0.0	0.0	0.0	0.0	0.0	0.0	0.0	0.0	0.0	0.0	0.0	0	0:01:46.510212
19000	380	380	0.7	0.605	0.494	0.376	0.26	0.16	0.0858	0.7	0.51	0.317	0.165	0.07	0.0241	0.00664	1	0:02:00.813954
19100	382	382	0.942	0.913	0.857	0.76	0.616	0.44	0.269	0.942	0.859	0.717	0.53	0.335	0.177	0.0771	1	0:02:00.409570
19200	384	-1	0.0	0.0	0.0	0.0	0.0	0.0	0.0	0.0	0.0	0.0	0.0	0.0	0.0	0.0	0	0:01:46.527331
19300	386	386	0.51	0.455	0.393	0.322	0.243	0.164	0.0954	0.509	0.316	0.164	0.0697	0.024	0.00661	0.00145	1	0:02:00.894904
19400	388	388	0.954	0.912	0.837	0.718	0.559	0.383	0.225	0.954	0.882	0.754	0.574	0.377	0.208	0.0945	1	0:02:00.505893
19500	390	390	0.919	0.877	0.808	0.701	0.554	0.387	0.232	0.919	0.815	0.654	0.459	0.273	0.135	0.0544	1	0:02:00.740145
19600	392	397	0.644	0.57	0.486	0.393	0.292	0.194	0.112	0.644	0.448	0.264	0.129	0.0514	0.0165	0.00425	0	0:02:00.431092
19700	394	-1	0.0	0.0	0.0	0.0	0.0	0.0	0.0	0.0	0.0	0.0	0.0	0.0	0.0	0.0	0	0:01:46.426915
19800	396	396	0.994	0.978	0.935	0.845	0.698	0.507	0.315	0.994	0.977	0.934	0.842	0.693	0.501	0.31	1	0:02:01.118038
19900	398	398	0.854	0.778	0.675	0.548	0.404	0.264	0.149	0.854	0.71	0.521	0.327	0.172	0.0739	0.0257	1	0:02:00.194313
20000	400	-1	0.0	0.0	0.0	0.0	0.0	0.0	0.0	0.0	0.0	0.0	0.0	0.0	0.0	0.0	0	0:01:46.480022
20100	402	-1	0.0	0.0	0.0	0.0	0.0	0.0	0.0	0.0	0.0	0.0	0.0	0.0	0.0	0.0	0	0:01:46.852698
20200	404	404	0.972	0.949	0.898	0.802	0.654	0.47	0.289	0.972	0.921	0.82	0.66	0.466	0.279	0.139	1	0:02:00.575936
20300	406	406	0.676	0.567	0.447	0.325	0.215	0.126	0.0644	0.676	0.483	0.294	0.148	0.0614	0.0205	0.00549	1	0:02:00.374535
20400	408	-1	0.0	0.0	0.0	0.0	0.0	0.0	0.0	0.0	0.0	0.0	0.0	0.0	0.0	0.0	0	0:01:46.554901
20500	410	-1	0.0	0.0	0.0	0.0	0.0	0.0	0.0	0.0	0.0	0.0	0.0	0.0	0.0	0.0	0	0:01:46.977503
20600	412	412	0.629	0.546	0.452	0.352	0.251	0.16	0.0884	0.629	0.432	0.251	0.121	0.0474	0.015	0.00378	1	0:02:00.999439
20700	414	414	0.567	0.486	0.399	0.309	0.22	0.14	0.0773	0.566	0.369	0.202	0.0911	0.0333	0.0098	0.0023	1	0:02:00.445091
20800	416	416	0.843	0.788	0.711	0.605	0.471	0.325	0.193	0.843	0.694	0.502	0.311	0.16	0.0676	0.0231	1	0:02:00.673475
20900	418	563	0.676	0.598	0.509	0.409	0.302	0.199	0.113	0.675	0.482	0.293	0.148	0.0612	0.0204	0.00546	0	0:02:00.543558
21000	420	-1	0.0	0.0	0.0	0.0	0.0	0.0	0.0	0.0	0.0	0.0	0.0	0.0	0.0	0.0	0	0:01:46.521211
21100	422	-1	0.0	0.0	0.0	0.0	0.0	0.0	0.0	0.0	0.0	0.0	0.0	0.0	0.0	0.0	0	0:01:46.933380
21200	424	-1	0.0	0.0	0.0	0.0	0.0	0.0	0.0	0.0	0.0	0.0	0.0	0.0	0.0	0.0	0	0:01:47.005603
21300	426	426	0.989	0.97	0.924	0.832	0.683	0.494	0.305	0.989	0.963	0.901	0.785	0.614	0.416	0.238	1	0:02:01.047115
21400	428	428	0.981	0.955	0.897	0.793	0.638	0.451	0.273	0.981	0.943	0.86	0.718	0.531	0.337	0.178	1	0:02:00.856695
21500	430	430	0.6	0.503	0.401	0.298	0.203	0.123	0.0649	0.6	0.402	0.227	0.106	0.0403	0.0123	0.00301	1	0:02:00.626083
21600	432	432	0.981	0.959	0.909	0.813	0.663	0.477	0.293	0.981	0.942	0.859	0.717	0.529	0.335	0.177	1	0:01:59.863866
21700	434	-1	0.0	0.0	0.0	0.0	0.0	0.0	0.0	0.0	0.0	0.0	0.0	0.0	0.0	0.0	0	0:01:46.443075
21800	436	436	0.947	0.914	0.854	0.752	0.604	0.428	0.26	0.947	0.867	0.73	0.545	0.35	0.188	0.0828	1	0:02:00.463801
21900	438	-1	0.0	0.0	0.0	0.0	0.0	0.0	0.0	0.0	0.0	0.0	0.0	0.0	0.0	0.0	0	0:01:46.469249
22000	440	-1	0.0	0.0	0.0	0.0	0.0	0.0	0.0	0.0	0.0	0.0	0.0	0.0	0.0	0.0	0	0:01:46.901649
22100	442	442	0.604	0.542	0.469	0.385	0.29	0.195	0.113	0.604	0.406	0.23	0.108	0.0412	0.0126	0.0031	1	0:02:00.602504
22200	444	-1	0.0	0.0	0.0	0.0	0.0	0.0	0.0	0.0	0.0	0.0	0.0	0.0	0.0	0.0	0	0:01:46.500160
22300	446	446	0.659	0.548	0.429	0.311	0.206	0.122	0.063	0.659	0.464	0.277	0.138	0.0558	0.0183	0.00479	1	0:02:00.535937
22400	448	-1	0.0	0.0	0.0	0.0	0.0	0.0	0.0	0.0	0.0	0.0	0.0	0.0	0.0	0.0	0	0:01:46.466003
22500	450	-1	0.0	0.0	0.0	0.0	0.0	0.0	0.0	0.0	0.0	0.0	0.0	0.0	0.0	0.0	0	0:01:46.857945
22600	452	452	0.608	0.498	0.386	0.279	0.185	0.11	0.0576	0.608	0.41	0.234	0.11	0.0421	0.013	0.0032	1	0:02:00.673913
22700	454	454	0.771	0.717	0.643	0.543	0.419	0.286	0.168	0.77	0.595	0.397	0.224	0.104	0.0392	0.0119	1	0:02:00.048567
22800	456	522	0.738	0.652	0.547	0.429	0.307	0.195	0.107	0.738	0.555	0.358	0.194	0.0865	0.0312	0.00907	0	0:02:00.133739
22900	458	458	0.574	0.413	0.265	0.149	0.0731	0.0311	0.0115	0.574	0.377	0.208	0.0945	0.0349	0.0104	0.00245	1	0:02:00.250732
23000	460	-1	0.0	0.0	0.0	0.0	0.0	0.0	0.0	0.0	0.0	0.0	0.0	0.0	0.0	0.0	0	0:01:46.487089
23100	462	-1	0.0	0.0	0.0	0.0	0.0	0.0	0.0	0.0	0.0	0.0	0.0	0.0	0.0	0.0	0	0:01:46.896203
23200	464	-1	0.0	0.0	0.0	0.0	0.0	0.0	0.0	0.0	0.0	0.0	0.0	0.0	0.0	0.0	0	0:01:46.861990
23300	466	466	0.976	0.949	0.893	0.792	0.64	0.455	0.277	0.976	0.93	0.835	0.682	0.49	0.299	0.152	1	0:02:00.556246
23400	468	468	0.846	0.804	0.741	0.644	0.513	0.361	0.218	0.846	0.698	0.508	0.315	0.163	0.0694	0.0238	1	0:02:00.071790
23500	470	832	0.557	0.449	0.343	0.244	0.159	0.0937	0.0483	0.557	0.36	0.196	0.0873	0.0316	0.0092	0.00214	0	0:01:59.980632
23600	472	472	0.867	0.824	0.758	0.658	0.523	0.368	0.222	0.867	0.73	0.545	0.349	0.187	0.0826	0.0295	1	0:02:00.138616
23700	474	-1	0.0	0.0	0.0	0.0	0.0	0.0	0.0	0.0	0.0	0.0	0.0	0.0	0.0	0.0	0	0:01:46.505894
23800	476	476	0.821	0.723	0.6	0.46	0.319	0.196	0.104	0.821	0.662	0.467	0.28	0.14	0.0568	0.0187	1	0:02:00.724394
23900	478	-1	0.0	0.0	0.0	0.0	0.0	0.0	0.0	0.0	0.0	0.0	0.0	0.0	0.0	0.0	0	0:01:46.520038
24000	480	-1	0.0	0.0	0.0	0.0	0.0	0.0	0.0	0.0	0.0	0.0	0.0	0.0	0.0	0.0	0	0:01:46.942225
24100	482	-1	0.0	0.0	0.0	0.0	0.0	0.0	0.0	0.0	0.0	0.0	0.0	0.0	0.0	0.0	0	0:01:46.918026
24200	484	871	0.809	0.76	0.692	0.595	0.469	0.328	0.197	0.808	0.645	0.449	0.265	0.13	0.0517	0.0167	0	0:02:00.610061
24300	486	889	0.546	0.494	0.433	0.36	0.276	0.189	0.112	0.545	0.35	0.188	0.0828	0.0296	0.00851	0.00195	0	0:02:00.299545
24400	488	-1	0.0	0.0	0.0	0.0	0.0	0.0	0.0	0.0	0.0	0.0	0.0	0.0	0.0	0.0	0	0:01:46.523412
24500	490	-1	0.0	0.0	0.0	0.0	0.0	0.0	0.0	0.0	0.0	0.0	0.0	0.0	0.0	0.0	0	0:01:46.924264
24600	492	492	0.675	0.564	0.442	0.321	0.212	0.124	0.0635	0.675	0.482	0.293	0.148	0.061	0.0204	0.00545	1	0:02:00.843691
24700	494	-1	0.0	0.0	0.0	0.0	0.0	0.0	0.0	0.0	0.0	0.0	0.0	0.0	0.0	0.0	0	0:01:46.426598
24800	496	-1	0.0	0.0	0.0	0.0	0.0	0.0	0.0	0.0	0.0	0.0	0.0	0.0	0.0	0.0	0	0:01:46.899574
24900	498	498	0.99	0.972	0.928	0.837	0.689	0.5	0.31	0.99	0.965	0.906	0.792	0.623	0.426	0.247	1	0:02:00.698425
25000	500	500	0.993	0.977	0.933	0.841	0.692	0.501	0.31	0.994	0.976	0.931	0.837	0.686	0.494	0.303	1	0:02:00.708187
25100	502	502	0.7	0.644	0.572	0.479	0.368	0.251	0.147	0.7	0.509	0.317	0.164	0.0699	0.0241	0.00664	1	0:02:00.628583
25200	504	-1	0.0	0.0	0.0	0.0	0.0	0.0	0.0	0.0	0.0	0.0	0.0	0.0	0.0	0.0	0	0:01:46.522045
25300	506	506	0.656	0.568	0.47	0.365	0.261	0.167	0.0924	0.656	0.461	0.275	0.136	0.055	0.0179	0.00468	1	0:02:00.547915
25400	508	508	0.876	0.84	0.78	0.684	0.548	0.388	0.236	0.876	0.744	0.562	0.366	0.199	0.0895	0.0326	1	0:02:00.298264
25500	510	510	0.955	0.923	0.863	0.761	0.612	0.434	0.264	0.955	0.885	0.757	0.579	0.381	0.211	0.0965	1	0:02:00.185083
25600	512	-1	0.0	0.0	0.0	0.0	0.0	0.0	0.0	0.0	0.0	0.0	0.0	0.0	0.0	0.0	0	0:01:46.470379
25700	514	514	0.994	0.978	0.936	0.846	0.698	0.508	0.315	0.994	0.978	0.936	0.846	0.698	0.507	0.315	1	0:02:00.371974
25800	516	-1	0.0	0.0	0.0	0.0	0.0	0.0	0.0	0.0	0.0	0.0	0.0	0.0	0.0	0.0	0	0:01:46.479664
25900	518	518	0.983	0.962	0.914	0.821	0.672	0.485	0.299	0.983	0.948	0.869	0.734	0.549	0.353	0.191	1	0:02:00.525834
26000	520	520	0.809	0.745	0.658	0.545	0.412	0.275	0.158	0.808	0.645	0.449	0.265	0.13	0.0518	0.0167	1	0:02:00.321336
26100	522	522	0.914	0.857	0.769	0.646	0.493	0.332	0.192	0.914	0.806	0.642	0.446	0.263	0.128	0.051	1	0:02:00.690162
26200	524	-1	0.0	0.0	0.0	0.0	0.0	0.0	0.0	0.0	0.0	0.0	0.0	0.0	0.0	0.0	0	0:01:46.571624
26300	526	-1	0.0	0.0	0.0	0.0	0.0	0.0	0.0	0.0	0.0	0.0	0.0	0.0	0.0	0.0	0	0:01:46.865055
26400	528	-1	0.0	0.0	0.0	0.0	0.0	0.0	0.0	0.0	0.0	0.0	0.0	0.0	0.0	0.0	0	0:01:46.854533
26500	530	-1	0.0	0.0	0.0	0.0	0.0	0.0	0.0	0.0	0.0	0.0	0.0	0.0	0.0	0.0	0	0:01:46.854354
26600	532	-1	0.0	0.0	0.0	0.0	0.0	0.0	0.0	0.0	0.0	0.0	0.0	0.0	0.0	0.0	0	0:01:46.839230
26700	534	-1	0.0	0.0	0.0	0.0	0.0	0.0	0.0	0.0	0.0	0.0	0.0	0.0	0.0	0.0	0	0:01:46.839481
26800	536	403	0.766	0.657	0.53	0.394	0.265	0.158	0.0821	0.766	0.589	0.391	0.219	0.101	0.0379	0.0114	0	0:02:00.616711
26900	538	538	0.963	0.94	0.892	0.799	0.654	0.471	0.291	0.963	0.9	0.783	0.611	0.413	0.236	0.111	1	0:02:00.380989
27000	540	540	0.974	0.944	0.884	0.778	0.622	0.438	0.264	0.974	0.925	0.826	0.67	0.476	0.288	0.144	1	0:02:00.322872
27100	542	-1	0.0	0.0	0.0	0.0	0.0	0.0	0.0	0.0	0.0	0.0	0.0	0.0	0.0	0.0	0	0:01:46.532057
27200	544	-1	0.0	0.0	0.0	0.0	0.0	0.0	0.0	0.0	0.0	0.0	0.0	0.0	0.0	0.0	0	0:01:46.921806
27300	546	546	0.823	0.769	0.693	0.587	0.454	0.31	0.182	0.823	0.665	0.471	0.283	0.142	0.0578	0.0191	1	0:02:01.144303
27400	548	548	0.972	0.946	0.892	0.792	0.641	0.457	0.278	0.972	0.921	0.819	0.66	0.465	0.279	0.139	1	0:02:00.478927
27500	550	550	0.531	0.453	0.372	0.29	0.208	0.134	0.0756	0.531	0.336	0.178	0.0774	0.0272	0.0077	0.00173	1	0:02:00.203302
27600	552	552	0.994	0.978	0.936	0.846	0.698	0.508	0.315	0.994	0.978	0.936	0.846	0.698	0.508	0.315	1	0:02:00.378968
27700	554	554	0.824	0.734	0.619	0.485	0.345	0.217	0.118	0.824	0.666	0.472	0.284	0.142	0.0582	0.0192	1	0:01:59.987449
27800	556	-1	0.0	0.0	0.0	0.0	0.0	0.0	0.0	0.0	0.0	0.0	0.0	0.0	0.0	0.0	0	0:01:46.464324
27900	558	-1	0.0	0.0	0.0	0.0	0.0	0.0	0.0	0.0	0.0	0.0	0.0	0.0	0.0	0.0	0	0:01:46.850119
28000	560	-1	0.0	0.0	0.0	0.0	0.0	0.0	0.0	0.0	0.0	0.0	0.0	0.0	0.0	0.0	0	0:01:46.862492
28100	562	562	0.985	0.964	0.914	0.819	0.668	0.481	0.296	0.985	0.953	0.879	0.749	0.568	0.371	0.204	1	0:02:01.201801
28200	564	-1	0.0	0.0	0.0	0.0	0.0	0.0	0.0	0.0	0.0	0.0	0.0	0.0	0.0	0.0	0	0:01:46.604325
28300	566	566	0.707	0.589	0.456	0.324	0.207	0.117	0.0576	0.706	0.517	0.324	0.169	0.0726	0.0252	0.00701	1	0:02:01.048631
28400	568	399	0.609	0.513	0.41	0.308	0.212	0.131	0.0707	0.609	0.411	0.235	0.111	0.0424	0.0131	0.00323	0	0:02:00.346859
28500	570	-1	0.0	0.0	0.0	0.0	0.0	0.0	0.0	0.0	0.0	0.0	0.0	0.0	0.0	0.0	0	0:01:46.462728
28600	572	-1	0.0	0.0	0.0	0.0	0.0	0.0	0.0	0.0	0.0	0.0	0.0	0.0	0.0	0.0	0	0:01:46.848653
28700	574	574	0.991	0.975	0.931	0.841	0.693	0.503	0.312	0.991	0.97	0.917	0.812	0.65	0.455	0.27	1	0:02:00.706478
28800	576	-1	0.0	0.0	0.0	0.0	0.0	0.0	0.0	0.0	0.0	0.0	0.0	0.0	0.0	0.0	0	0:01:46.505408
28900	578	578	0.702	0.621	0.524	0.413	0.297	0.19	0.105	0.702	0.512	0.319	0.166	0.0707	0.0244	0.00674	1	0:02:00.776272
29000	580	738	0.823	0.737	0.624	0.49	0.348	0.218	0.118	0.823	0.665	0.471	0.283	0.142	0.0579	0.0191	0	0:02:00.211093
29100	582	-1	0.0	0.0	0.0	0.0	0.0	0.0	0.0	0.0	0.0	0.0	0.0	0.0	0.0	0.0	0	0:01:46.547281
29200	584	-1	0.0	0.0	0.0	0.0	0.0	0.0	0.0	0.0	0.0	0.0	0.0	0.0	0.0	0.0	0	0:01:46.903664
29300	586	586	0.784	0.706	0.609	0.493	0.365	0.24	0.137	0.784	0.612	0.415	0.237	0.112	0.0431	0.0134	1	0:02:00.939496
29400	588	588	0.959	0.921	0.851	0.738	0.581	0.403	0.239	0.959	0.892	0.769	0.593	0.396	0.222	0.103	1	0:02:00.020561
29500	590	590	0.775	0.72	0.645	0.545	0.422	0.289	0.171	0.775	0.6	0.403	0.228	0.106	0.0404	0.0124	1	0:01:59.943892
29600	592	592	0.764	0.675	0.567	0.442	0.313	0.197	0.107	0.764	0.587	0.389	0.217	0.1	0.0375	0.0113	1	0:02:00.084352
29700	594	-1	0.0	0.0	0.0	0.0	0.0	0.0	0.0	0.0	0.0	0.0	0.0	0.0	0.0	0.0	0	0:01:46.455744
29800	596	-1	0.0	0.0	0.0	0.0	0.0	0.0	0.0	0.0	0.0	0.0	0.0	0.0	0.0	0.0	0	0:01:46.819181
29900	598	-1	0.0	0.0	0.0	0.0	0.0	0.0	0.0	0.0	0.0	0.0	0.0	0.0	0.0	0.0	0	0:01:46.906292
30000	600	-1	0.0	0.0	0.0	0.0	0.0	0.0	0.0	0.0	0.0	0.0	0.0	0.0	0.0	0.0	0	0:01:46.839420
30100	602	602	0.919	0.891	0.839	0.747	0.608	0.436	0.268	0.918	0.814	0.653	0.458	0.272	0.134	0.0542	1	0:02:00.658263
30200	604	-1	0.0	0.0	0.0	0.0	0.0	0.0	0.0	0.0	0.0	0.0	0.0	0.0	0.0	0.0	0	0:01:46.403620
30300	606	606	0.993	0.977	0.934	0.844	0.696	0.506	0.314	0.993	0.976	0.93	0.836	0.683	0.491	0.3	1	0:02:00.590189
30400	608	-1	0.0	0.0	0.0	0.0	0.0	0.0	0.0	0.0	0.0	0.0	0.0	0.0	0.0	0.0	0	0:01:46.429994
30500	610	-1	0.0	0.0	0.0	0.0	0.0	0.0	0.0	0.0	0.0	0.0	0.0	0.0	0.0	0.0	0	0:01:46.864686
30600	612	612	0.994	0.978	0.935	0.845	0.697	0.507	0.315	0.994	0.978	0.934	0.843	0.693	0.502	0.31	1	0:02:00.220106
30700	614	614	0.538	0.424	0.315	0.219	0.14	0.0805	0.0409	0.538	0.342	0.183	0.0799	0.0283	0.00807	0.00183	1	0:02:00.037308
30800	616	-1	0.0	0.0	0.0	0.0	0.0	0.0	0.0	0.0	0.0	0.0	0.0	0.0	0.0	0.0	0	0:01:46.434642
30900	618	-1	0.0	0.0	0.0	0.0	0.0	0.0	0.0	0.0	0.0	0.0	0.0	0.0	0.0	0.0	0	0:01:46.833380
31000	620	-1	0.0	0.0	0.0	0.0	0.0	0.0	0.0	0.0	0.0	0.0	0.0	0.0	0.0	0.0	0	0:01:46.855997
31100	622	622	0.994	0.978	0.935	0.846	0.698	0.507	0.315	0.994	0.978	0.935	0.844	0.696	0.505	0.313	1	0:02:00.528103
31200	624	-1	0.0	0.0	0.0	0.0	0.0	0.0	0.0	0.0	0.0	0.0	0.0	0.0	0.0	0.0	0	0:01:46.408026
31300	626	-1	0.0	0.0	0.0	0.0	0.0	0.0	0.0	0.0	0.0	0.0	0.0	0.0	0.0	0.0	0	0:01:46.788496
31400	628	-1	0.0	0.0	0.0	0.0	0.0	0.0	0.0	0.0	0.0	0.0	0.0	0.0	0.0	0.0	0	0:01:46.803859
31500	630	703	0.665	0.545	0.415	0.289	0.182	0.101	0.0485	0.665	0.471	0.283	0.142	0.0578	0.0191	0.00504	0	0:02:00.683220
31600	632	632	0.721	0.646	0.556	0.451	0.336	0.223	0.128	0.72	0.533	0.339	0.18	0.0783	0.0277	0.00784	1	0:02:00.096862
31700	634	489	0.927	0.891	0.828	0.727	0.583	0.413	0.25	0.926	0.829	0.674	0.48	0.291	0.147	0.0606	0	0:02:00.260870
31800	636	636	0.593	0.547	0.49	0.416	0.325	0.225	0.135	0.592	0.394	0.221	0.102	0.0385	0.0117	0.00282	1	0:02:00.158939
31900	638	-1	0.0	0.0	0.0	0.0	0.0	0.0	0.0	0.0	0.0	0.0	0.0	0.0	0.0	0.0	0	0:01:46.424747
32000	640	640	0.99	0.971	0.925	0.831	0.682	0.492	0.304	0.99	0.966	0.907	0.794	0.626	0.429	0.248	1	0:02:00.445465
32100	642	642	0.994	0.978	0.936	0.846	0.698	0.508	0.315	0.994	0.978	0.935	0.845	0.697	0.507	0.314	1	0:01:59.962246
32200	644	644	0.942	0.903	0.836	0.728	0.577	0.403	0.241	0.942	0.857	0.715	0.527	0.333	0.176	0.0761	1	0:02:00.184721
32300	646	646	0.81	0.77	0.71	0.62	0.496	0.351	0.213	0.81	0.647	0.451	0.266	0.131	0.0522	0.0169	1	0:01:59.911382
32400	648	-1	0.0	0.0	0.0	0.0	0.0	0.0	0.0	0.0	0.0	0.0	0.0	0.0	0.0	0.0	0	0:01:46.496362
32500	650	-1	0.0	0.0	0.0	0.0	0.0	0.0	0.0	0.0	0.0	0.0	0.0	0.0	0.0	0.0	0	0:01:46.832259
32600	652	652	0.59	0.498	0.402	0.305	0.212	0.133	0.0724	0.59	0.393	0.22	0.102	0.0382	0.0115	0.00278	1	0:02:00.454116
32700	654	-1	0.0	0.0	0.0	0.0	0.0	0.0	0.0	0.0	0.0	0.0	0.0	0.0	0.0	0.0	0	0:01:46.400292
32800	656	-1	0.0	0.0	0.0	0.0	0.0	0.0	0.0	0.0	0.0	0.0	0.0	0.0	0.0	0.0	0	0:01:46.818225
32900	658	658	0.969	0.943	0.889	0.792	0.643	0.461	0.282	0.969	0.913	0.806	0.641	0.445	0.262	0.128	1	0:02:00.524671
33000	660	660	0.745	0.683	0.602	0.501	0.382	0.259	0.151	0.745	0.563	0.367	0.2	0.09	0.0328	0.00963	1	0:02:00.136358
33100	662	-1	0.0	0.0	0.0	0.0	0.0	0.0	0.0	0.0	0.0	0.0	0.0	0.0	0.0	0.0	0	0:01:46.389956
33200	664	-1	0.0	0.0	0.0	0.0	0.0	0.0	0.0	0.0	0.0	0.0	0.0	0.0	0.0	0.0	0	0:01:46.801794
33300	666	659	0.628	0.57	0.501	0.417	0.319	0.217	0.128	0.627	0.43	0.25	0.12	0.0469	0.0148	0.00373	0	0:02:00.464306
33400	668	-1	0.0	0.0	0.0	0.0	0.0	0.0	0.0	0.0	0.0	0.0	0.0	0.0	0.0	0.0	0	0:01:46.449594
33500	670	670	0.788	0.709	0.606	0.48	0.345	0.219	0.12	0.787	0.617	0.42	0.241	0.115	0.0443	0.0138	1	0:02:00.538723
33600	672	-1	0.0	0.0	0.0	0.0	0.0	0.0	0.0	0.0	0.0	0.0	0.0	0.0	0.0	0.0	0	0:01:46.369982
33700	674	-1	0.0	0.0	0.0	0.0	0.0	0.0	0.0	0.0	0.0	0.0	0.0	0.0	0.0	0.0	0	0:01:46.839873
33800	676	-1	0.0	0.0	0.0	0.0	0.0	0.0	0.0	0.0	0.0	0.0	0.0	0.0	0.0	0.0	0	0:01:46.835513
33900	678	678	0.984	0.959	0.903	0.799	0.643	0.455	0.275	0.984	0.949	0.872	0.738	0.555	0.359	0.194	1	0:02:00.690711
34000	680	-1	0.0	0.0	0.0	0.0	0.0	0.0	0.0	0.0	0.0	0.0	0.0	0.0	0.0	0.0	0	0:01:46.412313
34100	682	682	0.71	0.626	0.528	0.417	0.301	0.194	0.108	0.71	0.521	0.327	0.172	0.0739	0.0258	0.0072	1	0:02:00.515458
34200	684	684	0.874	0.824	0.75	0.643	0.502	0.347	0.206	0.873	0.74	0.557	0.361	0.196	0.0874	0.0317	1	0:02:00.258683
34300	686	-1	0.0	0.0	0.0	0.0	0.0	0.0	0.0	0.0	0.0	0.0	0.0	0.0	0.0	0.0	0	0:01:46.432857
34400	688	688	0.993	0.976	0.933	0.843	0.695	0.505	0.313	0.993	0.974	0.926	0.828	0.672	0.478	0.29	1	0:02:00.548300
34500	690	690	0.739	0.679	0.602	0.503	0.385	0.261	0.153	0.738	0.555	0.359	0.194	0.0866	0.0313	0.0091	1	0:02:00.137856
34600	692	-1	0.0	0.0	0.0	0.0	0.0	0.0	0.0	0.0	0.0	0.0	0.0	0.0	0.0	0.0	0	0:01:46.411260
34700	694	694	0.994	0.978	0.936	0.846	0.698	0.508	0.315	0.994	0.978	0.936	0.846	0.698	0.507	0.315	1	0:02:00.592816
34800	696	-1	0.0	0.0	0.0	0.0	0.0	0.0	0.0	0.0	0.0	0.0	0.0	0.0	0.0	0.0	0	0:01:46.561870
34900	698	663	0.709	0.657	0.59	0.501	0.39	0.27	0.161	0.708	0.519	0.326	0.171	0.0734	0.0255	0.00712	0	0:02:00.540220
35000	700	-1	0.0	0.0	0.0	0.0	0.0	0.0	0.0	0.0	0.0	0.0	0.0	0.0	0.0	0.0	0	0:01:46.406090
35100	702	602	0.507	0.456	0.396	0.325	0.246	0.166	0.0963	0.506	0.314	0.162	0.0688	0.0236	0.00648	0.00142	0	0:02:00.638029
35200	704	-1	0.0	0.0	0.0	0.0	0.0	0.0	0.0	0.0	0.0	0.0	0.0	0.0	0.0	0.0	0	0:01:46.445182
35300	706	-1	0.0	0.0	0.0	0.0	0.0	0.0	0.0	0.0	0.0	0.0	0.0	0.0	0.0	0.0	0	0:01:46.781099
35400	708	682	0.593	0.497	0.397	0.298	0.205	0.127	0.0683	0.593	0.396	0.222	0.103	0.0388	0.0118	0.00285	0	0:02:00.551146
35500	710	-1	0.0	0.0	0.0	0.0	0.0	0.0	0.0	0.0	0.0	0.0	0.0	0.0	0.0	0.0	0	0:01:46.460536
35600	712	-1	0.0	0.0	0.0	0.0	0.0	0.0	0.0	0.0	0.0	0.0	0.0	0.0	0.0	0.0	0	0:01:46.811545
35700	714	714	0.98	0.955	0.903	0.805	0.654	0.468	0.286	0.98	0.939	0.852	0.707	0.518	0.325	0.17	1	0:02:00.550443
35800	716	716	0.821	0.752	0.66	0.544	0.41	0.273	0.158	0.821	0.662	0.468	0.281	0.14	0.0569	0.0187	1	0:02:00.033468
35900	718	-1	0.0	0.0	0.0	0.0	0.0	0.0	0.0	0.0	0.0	0.0	0.0	0.0	0.0	0.0	0	0:01:46.367418
36000	720	951	0.695	0.623	0.538	0.437	0.325	0.216	0.124	0.694	0.503	0.311	0.161	0.0679	0.0232	0.00636	0	0:02:00.632324
36100	722	722	0.992	0.975	0.93	0.839	0.69	0.5	0.31	0.992	0.972	0.921	0.82	0.66	0.466	0.279	1	0:02:00.099023
36200	724	780	0.962	0.941	0.895	0.804	0.66	0.478	0.295	0.962	0.899	0.781	0.608	0.411	0.234	0.11	0	0:02:00.135404
36300	726	726	0.991	0.973	0.928	0.835	0.686	0.496	0.307	0.991	0.969	0.914	0.806	0.642	0.446	0.262	1	0:02:00.167177
36400	728	-1	0.0	0.0	0.0	0.0	0.0	0.0	0.0	0.0	0.0	0.0	0.0	0.0	0.0	0.0	0	0:01:46.438730
36500	730	-1	0.0	0.0	0.0	0.0	0.0	0.0	0.0	0.0	0.0	0.0	0.0	0.0	0.0	0.0	0	0:01:46.901810
36600	732	732	0.903	0.85	0.767	0.648	0.498	0.337	0.195	0.903	0.788	0.617	0.42	0.241	0.115	0.0444	1	0:02:00.672029
36700	734	734	0.919	0.884	0.824	0.724	0.582	0.412	0.25	0.918	0.815	0.654	0.458	0.273	0.135	0.0543	1	0:01:59.891867
36800	736	736	0.994	0.978	0.935	0.845	0.697	0.507	0.315	0.994	0.978	0.934	0.843	0.694	0.503	0.311	1	0:02:01.485251
36900	738	738	0.655	0.552	0.438	0.323	0.217	0.13	0.0676	0.655	0.459	0.274	0.135	0.0546	0.0178	0.00464	1	0:02:01.412232
37000	740	-1	0.0	0.0	0.0	0.0	0.0	0.0	0.0	0.0	0.0	0.0	0.0	0.0	0.0	0.0	0	0:01:46.693984
37100	742	-1	0.0	0.0	0.0	0.0	0.0	0.0	0.0	0.0	0.0	0.0	0.0	0.0	0.0	0.0	0	0:01:47.137576
37200	744	657	0.576	0.548	0.506	0.444	0.357	0.254	0.155	0.574	0.377	0.208	0.0946	0.0349	0.0104	0.00246	0	0:02:01.851871
37300	746	746	0.994	0.978	0.936	0.846	0.698	0.508	0.315	0.994	0.978	0.936	0.846	0.698	0.508	0.315	1	0:02:01.442987
37400	748	-1	0.0	0.0	0.0	0.0	0.0	0.0	0.0	0.0	0.0	0.0	0.0	0.0	0.0	0.0	0	0:01:46.751557
37500	750	-1	0.0	0.0	0.0	0.0	0.0	0.0	0.0	0.0	0.0	0.0	0.0	0.0	0.0	0.0	0	0:01:47.118067
37600	752	765	0.506	0.394	0.288	0.197	0.124	0.0703	0.0353	0.506	0.314	0.162	0.0688	0.0236	0.00648	0.00142	0	0:02:01.849400
37700	754	-1	0.0	0.0	0.0	0.0	0.0	0.0	0.0	0.0	0.0	0.0	0.0	0.0	0.0	0.0	0	0:01:46.778298
37800	756	756	0.709	0.624	0.527	0.418	0.305	0.198	0.112	0.708	0.52	0.326	0.171	0.0734	0.0255	0.00712	1	0:02:01.809826
37900	758	-1	0.0	0.0	0.0	0.0	0.0	0.0	0.0	0.0	0.0	0.0	0.0	0.0	0.0	0.0	0	0:01:46.828529
38000	760	-1	0.0	0.0	0.0	0.0	0.0	0.0	0.0	0.0	0.0	0.0	0.0	0.0	0.0	0.0	0	0:01:47.164799
38100	762	-1	0.0	0.0	0.0	0.0	0.0	0.0	0.0	0.0	0.0	0.0	0.0	0.0	0.0	0.0	0	0:01:47.205995
38200	764	-1	0.0	0.0	0.0	0.0	0.0	0.0	0.0	0.0	0.0	0.0	0.0	0.0	0.0	0.0	0	0:01:47.178551
38300	766	766	0.916	0.852	0.755	0.621	0.462	0.303	0.17	0.916	0.81	0.647	0.451	0.267	0.131	0.0524	1	0:02:01.851347
38400	768	-1	0.0	0.0	0.0	0.0	0.0	0.0	0.0	0.0	0.0	0.0	0.0	0.0	0.0	0.0	0	0:01:46.780041
38500	770	-1	0.0	0.0	0.0	0.0	0.0	0.0	0.0	0.0	0.0	0.0	0.0	0.0	0.0	0.0	0	0:01:47.174117
38600	772	-1	0.0	0.0	0.0	0.0	0.0	0.0	0.0	0.0	0.0	0.0	0.0	0.0	0.0	0.0	0	0:01:47.191294
38700	774	774	0.673	0.571	0.46	0.345	0.237	0.145	0.0774	0.673	0.479	0.29	0.146	0.0602	0.02	0.00534	1	0:02:01.963857
38800	776	875	0.564	0.468	0.37	0.274	0.187	0.115	0.0615	0.564	0.367	0.201	0.0903	0.0329	0.00966	0.00226	0	0:02:01.452302
38900	778	-1	0.0	0.0	0.0	0.0	0.0	0.0	0.0	0.0	0.0	0.0	0.0	0.0	0.0	0.0	0	0:01:46.857020
39000	780	-1	0.0	0.0	0.0	0.0	0.0	0.0	0.0	0.0	0.0	0.0	0.0	0.0	0.0	0.0	0	0:01:47.142599
39100	782	-1	0.0	0.0	0.0	0.0	0.0	0.0	0.0	0.0	0.0	0.0	0.0	0.0	0.0	0.0	0	0:01:47.158049
39200	784	-1	0.0	0.0	0.0	0.0	0.0	0.0	0.0	0.0	0.0	0.0	0.0	0.0	0.0	0.0	0	0:01:47.235897
39300	786	-1	0.0	0.0	0.0	0.0	0.0	0.0	0.0	0.0	0.0	0.0	0.0	0.0	0.0	0.0	0	0:01:47.340384
39400	788	-1	0.0	0.0	0.0	0.0	0.0	0.0	0.0	0.0	0.0	0.0	0.0	0.0	0.0	0.0	0	0:01:47.299134
39500	790	791	0.653	0.528	0.397	0.274	0.172	0.0964	0.0474	0.653	0.458	0.272	0.134	0.0541	0.0176	0.00458	0	0:02:02.752093
39600	792	-1	0.0	0.0	0.0	0.0	0.0	0.0	0.0	0.0	0.0	0.0	0.0	0.0	0.0	0.0	0	0:01:46.872753
39700	794	794	0.828	0.75	0.647	0.52	0.381	0.248	0.139	0.828	0.673	0.479	0.29	0.146	0.0603	0.0201	1	0:02:02.882949
39800	796	796	0.989	0.971	0.926	0.835	0.687	0.498	0.308	0.989	0.964	0.903	0.788	0.618	0.421	0.242	1	0:02:02.255463
39900	798	798	0.942	0.902	0.834	0.725	0.574	0.401	0.24	0.942	0.857	0.715	0.527	0.333	0.176	0.0762	1	0:02:02.165264
40000	800	800	0.969	0.938	0.876	0.77	0.616	0.434	0.262	0.969	0.915	0.808	0.645	0.449	0.265	0.129	1	0:02:02.388791
40100	802	-1	0.0	0.0	0.0	0.0	0.0	0.0	0.0	0.0	0.0	0.0	0.0	0.0	0.0	0.0	0	0:01:46.859229
40200	804	-1	0.0	0.0	0.0	0.0	0.0	0.0	0.0	0.0	0.0	0.0	0.0	0.0	0.0	0.0	0	0:01:47.267012
40300	806	806	0.962	0.933	0.876	0.774	0.625	0.444	0.27	0.962	0.9	0.782	0.61	0.413	0.236	0.111	1	0:02:02.685397
40400	808	-1	0.0	0.0	0.0	0.0	0.0	0.0	0.0	0.0	0.0	0.0	0.0	0.0	0.0	0.0	0	0:01:46.760853
40500	810	878	0.524	0.499	0.462	0.406	0.327	0.233	0.143	0.521	0.328	0.172	0.0741	0.0258	0.00722	0.00161	0	0:02:01.525372
40600	812	812	0.994	0.978	0.936	0.846	0.698	0.508	0.315	0.994	0.978	0.935	0.845	0.697	0.506	0.314	1	0:02:01.134438
40700	814	-1	0.0	0.0	0.0	0.0	0.0	0.0	0.0	0.0	0.0	0.0	0.0	0.0	0.0	0.0	0	0:01:46.689696
40800	816	816	0.969	0.94	0.882	0.779	0.628	0.446	0.271	0.969	0.914	0.806	0.642	0.446	0.262	0.128	1	0:02:01.816487
40900	818	-1	0.0	0.0	0.0	0.0	0.0	0.0	0.0	0.0	0.0	0.0	0.0	0.0	0.0	0.0	0	0:01:46.787673
41000	820	-1	0.0	0.0	0.0	0.0	0.0	0.0	0.0	0.0	0.0	0.0	0.0	0.0	0.0	0.0	0	0:01:47.184640
41100	822	822	0.986	0.966	0.919	0.825	0.675	0.487	0.3	0.986	0.956	0.886	0.76	0.581	0.384	0.213	1	0:02:02.998928
41200	824	824	0.613	0.531	0.441	0.345	0.248	0.16	0.0895	0.613	0.415	0.238	0.112	0.0433	0.0134	0.00333	1	0:02:02.482998
41300	826	826	0.551	0.5	0.44	0.368	0.283	0.194	0.115	0.55	0.354	0.191	0.0848	0.0305	0.00881	0.00203	1	0:02:02.351450
41400	828	-1	0.0	0.0	0.0	0.0	0.0	0.0	0.0	0.0	0.0	0.0	0.0	0.0	0.0	0.0	0	0:01:46.868042
41500	830	-1	0.0	0.0	0.0	0.0	0.0	0.0	0.0	0.0	0.0	0.0	0.0	0.0	0.0	0.0	0	0:01:47.312695
41600	832	832	0.734	0.649	0.55	0.439	0.321	0.209	0.119	0.733	0.549	0.353	0.19	0.0843	0.0303	0.00873	1	0:02:02.577377
41700	834	834	0.597	0.543	0.478	0.399	0.305	0.208	0.122	0.596	0.399	0.225	0.104	0.0395	0.012	0.00292	1	0:02:02.337782
41800	836	-1	0.0	0.0	0.0	0.0	0.0	0.0	0.0	0.0	0.0	0.0	0.0	0.0	0.0	0.0	0	0:01:46.884567
41900	838	-1	0.0	0.0	0.0	0.0	0.0	0.0	0.0	0.0	0.0	0.0	0.0	0.0	0.0	0.0	0	0:01:47.300340
42000	840	840	0.951	0.913	0.844	0.732	0.577	0.401	0.238	0.951	0.876	0.744	0.562	0.365	0.199	0.0894	1	0:02:02.691979
42100	842	-1	0.0	0.0	0.0	0.0	0.0	0.0	0.0	0.0	0.0	0.0	0.0	0.0	0.0	0.0	0	0:01:46.897314
42200	844	844	0.989	0.97	0.924	0.831	0.682	0.493	0.304	0.989	0.964	0.902	0.787	0.616	0.419	0.24	1	0:02:02.802333
42300	846	-1	0.0	0.0	0.0	0.0	0.0	0.0	0.0	0.0	0.0	0.0	0.0	0.0	0.0	0.0	0	0:01:46.918922
42400	848	-1	0.0	0.0	0.0	0.0	0.0	0.0	0.0	0.0	0.0	0.0	0.0	0.0	0.0	0.0	0	0:01:47.291244
42500	850	850	0.591	0.466	0.343	0.232	0.142	0.0784	0.038	0.591	0.394	0.221	0.102	0.0384	0.0116	0.00281	1	0:02:02.638046
42600	852	852	0.994	0.978	0.935	0.845	0.697	0.506	0.314	0.994	0.977	0.932	0.839	0.688	0.496	0.305	1	0:02:02.329844
42700	854	-1	0.0	0.0	0.0	0.0	0.0	0.0	0.0	0.0	0.0	0.0	0.0	0.0	0.0	0.0	0	0:01:46.919033
42800	856	856	0.584	0.487	0.384	0.282	0.189	0.113	0.0591	0.584	0.386	0.215	0.0987	0.0368	0.011	0.00264	1	0:02:02.581510
42900	858	-1	0.0	0.0	0.0	0.0	0.0	0.0	0.0	0.0	0.0	0.0	0.0	0.0	0.0	0.0	0	0:01:46.878829
43000	860	-1	0.0	0.0	0.0	0.0	0.0	0.0	0.0	0.0	0.0	0.0	0.0	0.0	0.0	0.0	0	0:01:47.281417
43100	862	862	0.646	0.542	0.432	0.322	0.22	0.135	0.0726	0.646	0.45	0.265	0.13	0.0519	0.0167	0.00431	1	0:02:02.624050
43200	864	-1	0.0	0.0	0.0	0.0	0.0	0.0	0.0	0.0	0.0	0.0	0.0	0.0	0.0	0.0	0	0:01:46.882820
43300	866	-1	0.0	0.0	0.0	0.0	0.0	0.0	0.0	0.0	0.0	0.0	0.0	0.0	0.0	0.0	0	0:01:47.294918
43400	868	-1	0.0	0.0	0.0	0.0	0.0	0.0	0.0	0.0	0.0	0.0	0.0	0.0	0.0	0.0	0	0:01:47.278889
43500	870	-1	0.0	0.0	0.0	0.0	0.0	0.0	0.0	0.0	0.0	0.0	0.0	0.0	0.0	0.0	0	0:01:47.310100
43600	872	840	0.675	0.603	0.516	0.415	0.306	0.201	0.114	0.674	0.481	0.292	0.147	0.0608	0.0203	0.00542	0	0:02:02.514101
43700	874	874	0.969	0.944	0.891	0.794	0.646	0.463	0.284	0.969	0.914	0.807	0.643	0.447	0.263	0.129	1	0:02:02.135326
43800	876	-1	0.0	0.0	0.0	0.0	0.0	0.0	0.0	0.0	0.0	0.0	0.0	0.0	0.0	0.0	0	0:01:46.803650
43900	878	878	0.535	0.489	0.435	0.368	0.286	0.197	0.118	0.533	0.339	0.18	0.0784	0.0277	0.00784	0.00177	1	0:02:02.368553
44000	880	-1	0.0	0.0	0.0	0.0	0.0	0.0	0.0	0.0	0.0	0.0	0.0	0.0	0.0	0.0	0	0:01:46.869548
44100	882	-1	0.0	0.0	0.0	0.0	0.0	0.0	0.0	0.0	0.0	0.0	0.0	0.0	0.0	0.0	0	0:01:47.259198
44200	884	884	0.925	0.885	0.818	0.711	0.562	0.392	0.234	0.925	0.826	0.669	0.475	0.287	0.144	0.059	1	0:02:01.914861
44300	886	886	0.671	0.589	0.495	0.391	0.285	0.185	0.104	0.671	0.477	0.289	0.145	0.0598	0.0199	0.00528	1	0:02:01.437750
44400	888	718	0.553	0.505	0.446	0.373	0.286	0.195	0.115	0.552	0.356	0.192	0.0854	0.0307	0.0089	0.00205	0	0:02:01.449161
44500	890	890	0.836	0.751	0.64	0.506	0.363	0.231	0.127	0.836	0.683	0.491	0.301	0.153	0.0639	0.0215	1	0:02:01.528759
44600	892	-1	0.0	0.0	0.0	0.0	0.0	0.0	0.0	0.0	0.0	0.0	0.0	0.0	0.0	0.0	0	0:01:46.768239
44700	894	894	0.94	0.905	0.843	0.739	0.591	0.416	0.251	0.94	0.853	0.709	0.52	0.327	0.171	0.0737	1	0:02:01.799867
44800	896	-1	0.0	0.0	0.0	0.0	0.0	0.0	0.0	0.0	0.0	0.0	0.0	0.0	0.0	0.0	0	0:01:46.790379
44900	898	-1	0.0	0.0	0.0	0.0	0.0	0.0	0.0	0.0	0.0	0.0	0.0	0.0	0.0	0.0	0	0:01:47.199337
45000	900	900	0.993	0.977	0.934	0.843	0.695	0.505	0.314	0.993	0.976	0.929	0.834	0.681	0.488	0.298	1	0:02:01.834247
45100	902	902	0.986	0.967	0.921	0.828	0.68	0.492	0.304	0.986	0.955	0.885	0.758	0.579	0.382	0.212	1	0:02:01.441266
45200	904	905	0.691	0.615	0.525	0.423	0.312	0.206	0.117	0.691	0.499	0.308	0.158	0.0665	0.0226	0.00616	0	0:02:01.383278
45300	906	906	0.93	0.884	0.809	0.695	0.543	0.375	0.222	0.93	0.835	0.682	0.489	0.299	0.152	0.0634	1	0:02:01.446460
45400	908	895	0.562	0.515	0.458	0.385	0.297	0.204	0.12	0.561	0.364	0.199	0.0891	0.0324	0.00948	0.00221	0	0:02:01.398106
45500	910	641	0.894	0.829	0.734	0.606	0.454	0.3	0.17	0.894	0.774	0.599	0.401	0.227	0.106	0.0401	0	0:02:01.389621
45600	912	912	0.553	0.455	0.355	0.26	0.174	0.105	0.0549	0.553	0.357	0.193	0.0857	0.0309	0.00895	0.00207	1	0:02:01.466573
45700	914	914	0.835	0.773	0.687	0.575	0.44	0.299	0.175	0.835	0.683	0.49	0.3	0.153	0.0636	0.0214	1	0:02:01.358613
45800	916	916	0.989	0.971	0.926	0.835	0.687	0.498	0.309	0.989	0.963	0.9	0.783	0.611	0.413	0.236	1	0:02:01.509444
45900	918	918	0.993	0.977	0.934	0.843	0.695	0.505	0.313	0.993	0.976	0.931	0.837	0.685	0.493	0.302	1	0:02:01.364333
46000	920	-1	0.0	0.0	0.0	0.0	0.0	0.0	0.0	0.0	0.0	0.0	0.0	0.0	0.0	0.0	0	0:01:46.840958
46100	922	922	0.879	0.832	0.761	0.656	0.517	0.36	0.216	0.879	0.748	0.567	0.37	0.203	0.0915	0.0335	1	0:02:01.780735
46200	924	924	0.949	0.904	0.827	0.707	0.549	0.375	0.219	0.949	0.872	0.737	0.554	0.358	0.194	0.0862	1	0:02:01.476519
46300	926	926	0.93	0.899	0.842	0.745	0.601	0.428	0.261	0.93	0.835	0.683	0.49	0.3	0.153	0.0637	1	0:02:01.434380
46400	928	-1	0.0	0.0	0.0	0.0	0.0	0.0	0.0	0.0	0.0	0.0	0.0	0.0	0.0	0.0	0	0:01:46.764788
46500	930	964	0.619	0.521	0.416	0.311	0.213	0.131	0.0703	0.619	0.422	0.243	0.116	0.0449	0.014	0.0035	0	0:02:01.860658
46600	932	932	0.684	0.597	0.497	0.386	0.274	0.173	0.0942	0.684	0.492	0.301	0.154	0.0641	0.0216	0.00585	1	0:02:01.465956
46700	934	-1	0.0	0.0	0.0	0.0	0.0	0.0	0.0	0.0	0.0	0.0	0.0	0.0	0.0	0.0	0	0:01:46.784631
46800	936	936	0.903	0.847	0.761	0.639	0.487	0.327	0.188	0.903	0.788	0.618	0.421	0.242	0.115	0.0446	1	0:02:01.886108
46900	938	937	0.607	0.521	0.429	0.332	0.236	0.15	0.0827	0.606	0.409	0.233	0.109	0.0418	0.0129	0.00316	0	0:02:01.560644
47000	940	-1	0.0	0.0	0.0	0.0	0.0	0.0	0.0	0.0	0.0	0.0	0.0	0.0	0.0	0.0	0	0:01:46.793952
47100	942	942	0.993	0.976	0.933	0.843	0.695	0.505	0.314	0.993	0.974	0.926	0.828	0.672	0.479	0.29	1	0:02:01.977910
47200	944	946	0.857	0.822	0.765	0.674	0.543	0.386	0.236	0.857	0.714	0.526	0.332	0.175	0.0757	0.0265	0	0:02:01.494251
47300	946	946	0.956	0.932	0.883	0.79	0.646	0.466	0.287	0.956	0.885	0.758	0.58	0.383	0.212	0.097	1	0:02:01.647660
47400	948	948	0.989	0.97	0.924	0.831	0.682	0.493	0.305	0.989	0.964	0.902	0.786	0.615	0.418	0.24	1	0:02:01.485827
47500	950	950	0.981	0.961	0.914	0.821	0.674	0.487	0.3	0.981	0.942	0.858	0.716	0.529	0.334	0.177	1	0:02:01.587417
47600	952	90	0.987	0.968	0.922	0.83	0.682	0.494	0.306	0.987	0.957	0.889	0.764	0.587	0.39	0.218	0	0:02:01.632797
47700	954	-1	0.0	0.0	0.0	0.0	0.0	0.0	0.0	0.0	0.0	0.0	0.0	0.0	0.0	0.0	0	0:01:46.800004
47800	956	956	0.98	0.95	0.888	0.778	0.619	0.432	0.258	0.98	0.939	0.852	0.707	0.518	0.325	0.17	1	0:02:01.979702
47900	958	-1	0.0	0.0	0.0	0.0	0.0	0.0	0.0	0.0	0.0	0.0	0.0	0.0	0.0	0.0	0	0:01:46.847308
48000	960	-1	0.0	0.0	0.0	0.0	0.0	0.0	0.0	0.0	0.0	0.0	0.0	0.0	0.0	0.0	0	0:01:47.250389
48100	962	-1	0.0	0.0	0.0	0.0	0.0	0.0	0.0	0.0	0.0	0.0	0.0	0.0	0.0	0.0	0	0:01:47.250684
48200	964	-1	0.0	0.0	0.0	0.0	0.0	0.0	0.0	0.0	0.0	0.0	0.0	0.0	0.0	0.0	0	0:01:47.225550
48300	966	-1	0.0	0.0	0.0	0.0	0.0	0.0	0.0	0.0	0.0	0.0	0.0	0.0	0.0	0.0	0	0:01:47.231729
48400	968	-1	0.0	0.0	0.0	0.0	0.0	0.0	0.0	0.0	0.0	0.0	0.0	0.0	0.0	0.0	0	0:01:47.239076
48500	970	795	0.896	0.843	0.763	0.648	0.501	0.343	0.201	0.896	0.776	0.602	0.404	0.229	0.107	0.0408	0	0:02:01.976791
48600	972	979	0.686	0.618	0.533	0.431	0.319	0.209	0.118	0.686	0.494	0.303	0.155	0.0648	0.0219	0.00594	0	0:02:01.612088
48700	974	974	0.989	0.97	0.924	0.831	0.682	0.493	0.305	0.989	0.964	0.903	0.788	0.617	0.42	0.241	1	0:02:01.632940
48800	976	-1	0.0	0.0	0.0	0.0	0.0	0.0	0.0	0.0	0.0	0.0	0.0	0.0	0.0	0.0	0	0:01:46.820697
48900	978	-1	0.0	0.0	0.0	0.0	0.0	0.0	0.0	0.0	0.0	0.0	0.0	0.0	0.0	0.0	0	0:01:47.230661
49000	980	980	0.975	0.948	0.89	0.788	0.635	0.451	0.273	0.975	0.929	0.833	0.679	0.486	0.296	0.15	1	0:02:02.017796
49100	982	982	0.728	0.65	0.556	0.448	0.33	0.217	0.124	0.728	0.542	0.347	0.186	0.0817	0.0291	0.00834	1	0:02:01.661762
49200	984	984	0.993	0.977	0.934	0.845	0.697	0.507	0.315	0.993	0.976	0.93	0.835	0.682	0.489	0.299	1	0:02:01.531998
49300	986	986	0.994	0.977	0.934	0.844	0.696	0.505	0.313	0.994	0.977	0.932	0.838	0.687	0.495	0.304	1	0:02:01.629561
49400	988	-1	0.0	0.0	0.0	0.0	0.0	0.0	0.0	0.0	0.0	0.0	0.0	0.0	0.0	0.0	0	0:01:46.817334
49500	990	-1	0.0	0.0	0.0	0.0	0.0	0.0	0.0	0.0	0.0	0.0	0.0	0.0	0.0	0.0	0	0:01:47.235842
49600	992	992	0.894	0.844	0.766	0.652	0.504	0.344	0.202	0.894	0.772	0.598	0.4	0.226	0.105	0.0398	1	0:02:02.038066
49700	994	994	0.991	0.973	0.928	0.836	0.687	0.498	0.308	0.991	0.969	0.913	0.805	0.64	0.444	0.261	1	0:02:01.645787
49800	996	-1	0.0	0.0	0.0	0.0	0.0	0.0	0.0	0.0	0.0	0.0	0.0	0.0	0.0	0.0	0	0:01:46.883024
49900	998	987	0.572	0.548	0.51	0.45	0.364	0.26	0.16	0.57	0.373	0.205	0.0928	0.0341	0.0101	0.00238	0	0:02:01.942374
