idx	label	predict	exp_cdf_00	exp_cdf_25	exp_cdf_50	exp_cdf_75	exp_cdf_100	exp_cdf_125	exp_cdf_150	exp_00	exp_25	exp_50	exp_75	exp_100	exp_125	exp_150	correct	time
0	0	-1	0.0	0.0	0.0	0.0	0.0	0.0	0.0	0.0	0.0	0.0	0.0	0.0	0.0	0.0	0	0:01:48.008053
100	2	2	0.941	0.854	0.612	0.267	0.0573	0.00531	0.0002	0.941	0.714	0.332	0.0755	0.00743	0.000295	4.59e-06	1	0:02:01.584623
200	4	-1	0.0	0.0	0.0	0.0	0.0	0.0	0.0	0.0	0.0	0.0	0.0	0.0	0.0	0.0	0	0:01:46.212871
300	6	6	0.873	0.781	0.554	0.241	0.0515	0.00478	0.00018	0.873	0.555	0.195	0.0314	0.00211	5.65e-05	5.85e-07	1	0:02:02.123492
400	8	8	0.936	0.856	0.619	0.272	0.0586	0.00546	0.000206	0.936	0.7	0.317	0.0701	0.00666	0.000255	3.82e-06	1	0:02:00.474358
500	10	10	0.928	0.823	0.569	0.239	0.0497	0.0045	0.000166	0.928	0.678	0.295	0.0619	0.00555	0.000201	2.82e-06	1	0:02:01.586195
600	12	-1	0.0	0.0	0.0	0.0	0.0	0.0	0.0	0.0	0.0	0.0	0.0	0.0	0.0	0.0	0	0:01:46.238319
700	14	14	0.994	0.935	0.697	0.315	0.0691	0.00653	0.000249	0.994	0.932	0.687	0.304	0.0653	0.00601	0.000223	1	0:02:02.064886
800	16	16	0.976	0.898	0.649	0.284	0.0608	0.00563	0.000211	0.976	0.836	0.492	0.154	0.0216	0.00126	2.9e-05	1	0:02:01.501419
900	18	-1	0.0	0.0	0.0	0.0	0.0	0.0	0.0	0.0	0.0	0.0	0.0	0.0	0.0	0.0	0	0:01:46.256806
1000	20	20	0.983	0.907	0.656	0.287	0.0613	0.00566	0.000211	0.983	0.867	0.544	0.187	0.0294	0.00193	5.02e-05	1	0:02:02.150618
1100	22	21	0.617	0.409	0.202	0.0629	0.0104	0.000801	2.62e-05	0.616	0.241	0.0442	0.00343	0.000106	1.28e-06	5.86e-09	0	0:02:01.459191
1200	24	24	0.992	0.931	0.692	0.311	0.0683	0.00644	0.000245	0.992	0.92	0.658	0.277	0.0556	0.00476	0.000164	1	0:02:01.526387
1300	26	26	0.668	0.492	0.276	0.0969	0.0175	0.00144	4.9e-05	0.667	0.285	0.0585	0.00512	0.00018	2.47e-06	1.29e-08	1	0:02:01.440980
1400	28	-1	0.0	0.0	0.0	0.0	0.0	0.0	0.0	0.0	0.0	0.0	0.0	0.0	0.0	0.0	0	0:01:46.250033
1500	30	30	0.643	0.483	0.289	0.111	0.0218	0.00191	6.9e-05	0.642	0.263	0.051	0.0042	0.000139	1.78e-06	8.72e-09	1	0:02:02.133616
1600	32	-1	0.0	0.0	0.0	0.0	0.0	0.0	0.0	0.0	0.0	0.0	0.0	0.0	0.0	0.0	0	0:01:46.251839
1700	34	-1	0.0	0.0	0.0	0.0	0.0	0.0	0.0	0.0	0.0	0.0	0.0	0.0	0.0	0.0	0	0:01:46.843920
1800	36	35	0.589	0.496	0.335	0.141	0.0294	0.00269	0.0001	0.588	0.218	0.0377	0.00273	7.9e-05	8.85e-07	3.78e-09	0	0:02:02.065997
1900	38	38	0.621	0.392	0.184	0.0552	0.00895	0.00068	2.21e-05	0.621	0.244	0.0453	0.00355	0.000111	1.35e-06	6.26e-09	1	0:02:01.412396
2000	40	-1	0.0	0.0	0.0	0.0	0.0	0.0	0.0	0.0	0.0	0.0	0.0	0.0	0.0	0.0	0	0:01:46.262683
2100	42	48	0.936	0.821	0.557	0.23	0.047	0.00419	0.000153	0.936	0.7	0.318	0.0702	0.00668	0.000256	3.83e-06	0	0:02:02.110224
2200	44	44	0.857	0.694	0.427	0.161	0.0307	0.0026	9.08e-05	0.857	0.528	0.176	0.0267	0.00169	4.23e-05	4.09e-07	1	0:02:01.709458
2300	46	46	0.552	0.484	0.342	0.148	0.0318	0.00296	0.000111	0.55	0.191	0.0304	0.00202	5.33e-05	5.44e-07	2.11e-09	1	0:02:01.547300
2400	48	-1	0.0	0.0	0.0	0.0	0.0	0.0	0.0	0.0	0.0	0.0	0.0	0.0	0.0	0.0	0	0:01:46.236184
2500	50	50	0.888	0.744	0.475	0.184	0.0356	0.00304	0.000107	0.888	0.586	0.217	0.0373	0.00269	7.73e-05	8.61e-07	1	0:02:02.216911
2600	52	52	0.604	0.418	0.225	0.0778	0.0142	0.00117	4.05e-05	0.604	0.231	0.0412	0.0031	9.33e-05	1.09e-06	4.83e-09	1	0:02:01.707968
2700	54	57	0.808	0.695	0.476	0.201	0.0423	0.00387	0.000144	0.808	0.448	0.129	0.0166	0.000875	1.82e-05	1.45e-07	0	0:02:01.619494
2800	56	56	0.772	0.581	0.331	0.117	0.0214	0.00176	6.05e-05	0.772	0.399	0.105	0.012	0.000565	1.04e-05	7.37e-08	1	0:02:01.607891
2900	58	-1	0.0	0.0	0.0	0.0	0.0	0.0	0.0	0.0	0.0	0.0	0.0	0.0	0.0	0.0	0	0:01:46.265826
3000	60	62	0.576	0.455	0.288	0.115	0.0232	0.00206	7.53e-05	0.575	0.209	0.035	0.00247	6.91e-05	7.49e-07	3.1e-09	0	0:02:02.189624
3100	62	62	0.692	0.561	0.36	0.144	0.0292	0.00261	9.53e-05	0.692	0.309	0.0669	0.00622	0.000233	3.41e-06	1.9e-08	1	0:02:01.628216
3200	64	64	0.8	0.661	0.422	0.166	0.0327	0.00284	0.000101	0.8	0.437	0.123	0.0155	0.000793	1.6e-05	1.25e-07	1	0:02:01.590740
3300	66	-1	0.0	0.0	0.0	0.0	0.0	0.0	0.0	0.0	0.0	0.0	0.0	0.0	0.0	0.0	0	0:01:46.232506
3400	68	-1	0.0	0.0	0.0	0.0	0.0	0.0	0.0	0.0	0.0	0.0	0.0	0.0	0.0	0.0	0	0:01:46.787683
3500	70	70	0.984	0.919	0.68	0.305	0.0667	0.00629	0.000239	0.984	0.873	0.556	0.195	0.0316	0.00213	5.71e-05	1	0:02:02.179871
3600	72	72	0.714	0.621	0.432	0.185	0.0392	0.00362	0.000135	0.713	0.33	0.0751	0.00737	0.000292	4.53e-06	2.68e-08	1	0:02:01.715972
3700	74	74	0.626	0.499	0.317	0.127	0.0255	0.00227	8.26e-05	0.625	0.248	0.0463	0.00367	0.000116	1.42e-06	6.68e-09	1	0:02:01.614002
3800	76	76	0.835	0.631	0.349	0.117	0.0202	0.00158	5.2e-05	0.835	0.489	0.152	0.0213	0.00123	2.82e-05	2.49e-07	1	0:02:01.681026
3900	78	78	0.839	0.671	0.41	0.155	0.0296	0.00252	8.89e-05	0.839	0.496	0.156	0.0222	0.00131	3.04e-05	2.73e-07	1	0:02:01.521431
4000	80	80	0.987	0.925	0.687	0.309	0.0678	0.00639	0.000243	0.987	0.888	0.586	0.217	0.0373	0.00269	7.73e-05	1	0:02:01.634085
4100	82	82	0.822	0.713	0.49	0.207	0.0436	0.00398	0.000148	0.821	0.468	0.14	0.0188	0.00104	2.26e-05	1.89e-07	1	0:02:01.618472
4200	84	84	0.661	0.474	0.259	0.0892	0.0161	0.00131	4.5e-05	0.66	0.279	0.0563	0.00485	0.000168	2.25e-06	1.16e-08	1	0:02:01.665949
4300	86	86	0.599	0.526	0.369	0.16	0.0342	0.00317	0.000119	0.597	0.226	0.0398	0.00295	8.72e-05	1e-06	4.37e-09	1	0:02:01.649503
4400	88	88	0.56	0.304	0.112	0.0254	0.00322	0.000203	5.76e-06	0.56	0.198	0.0322	0.00219	5.9e-05	6.17e-07	2.46e-09	1	0:02:01.605548
4500	90	90	0.783	0.599	0.349	0.127	0.0237	0.00198	6.89e-05	0.783	0.413	0.111	0.0132	0.000643	1.23e-05	8.99e-08	1	0:02:01.619434
4600	92	92	0.688	0.512	0.297	0.109	0.0205	0.00174	6.08e-05	0.687	0.304	0.0653	0.00601	0.000223	3.21e-06	1.78e-08	1	0:02:01.662587
4700	94	94	0.992	0.932	0.694	0.313	0.0687	0.00649	0.000247	0.992	0.923	0.664	0.282	0.0573	0.00497	0.000173	1	0:02:01.469206
4800	96	96	0.994	0.935	0.698	0.315	0.0693	0.00655	0.00025	0.994	0.932	0.689	0.306	0.0658	0.00607	0.000226	1	0:02:01.567334
4900	98	98	0.814	0.678	0.44	0.176	0.0354	0.00313	0.000113	0.814	0.457	0.134	0.0175	0.000942	2e-05	1.63e-07	1	0:02:01.461360
5000	100	100	0.992	0.932	0.693	0.312	0.0685	0.00647	0.000246	0.992	0.92	0.657	0.275	0.0551	0.0047	0.000161	1	0:02:01.626184
5100	102	102	0.991	0.931	0.693	0.313	0.0686	0.00648	0.000247	0.991	0.915	0.645	0.265	0.0517	0.00428	0.000142	1	0:02:01.578370
5200	104	-1	0.0	0.0	0.0	0.0	0.0	0.0	0.0	0.0	0.0	0.0	0.0	0.0	0.0	0.0	0	0:01:46.182109
5300	106	106	0.869	0.686	0.403	0.144	0.0263	0.00215	7.31e-05	0.869	0.548	0.19	0.0301	0.002	5.25e-05	5.34e-07	1	0:02:01.156913
5400	108	-1	0.0	0.0	0.0	0.0	0.0	0.0	0.0	0.0	0.0	0.0	0.0	0.0	0.0	0.0	0	0:01:46.232195
5500	110	110	0.927	0.83	0.586	0.252	0.0534	0.00491	0.000183	0.927	0.675	0.292	0.061	0.00544	0.000195	2.73e-06	1	0:02:02.117818
5600	112	112	0.944	0.827	0.559	0.228	0.0461	0.00408	0.000147	0.944	0.721	0.339	0.0786	0.00788	0.000319	5.06e-06	1	0:02:01.642682
5700	114	113	0.726	0.549	0.326	0.122	0.0236	0.00203	7.22e-05	0.726	0.345	0.0807	0.00819	0.000337	5.41e-06	3.33e-08	0	0:02:01.566443
5800	116	116	0.994	0.935	0.697	0.315	0.0692	0.00654	0.000249	0.994	0.935	0.695	0.312	0.0682	0.0064	0.000242	1	0:02:01.535428
5900	118	118	0.718	0.601	0.4	0.165	0.0343	0.0031	0.000115	0.718	0.336	0.0773	0.00768	0.000309	4.85e-06	2.92e-08	1	0:02:01.559481
6000	120	-1	0.0	0.0	0.0	0.0	0.0	0.0	0.0	0.0	0.0	0.0	0.0	0.0	0.0	0.0	0	0:01:46.184802
6100	122	122	0.965	0.888	0.644	0.283	0.0609	0.00567	0.000213	0.964	0.79	0.423	0.116	0.0141	0.0007	1.37e-05	1	0:02:02.002144
6200	124	-1	0.0	0.0	0.0	0.0	0.0	0.0	0.0	0.0	0.0	0.0	0.0	0.0	0.0	0.0	0	0:01:46.249786
6300	126	126	0.691	0.536	0.326	0.124	0.0242	0.0021	7.49e-05	0.691	0.308	0.0667	0.00619	0.000232	3.38e-06	1.89e-08	1	0:02:02.004702
6400	128	128	0.96	0.888	0.65	0.29	0.063	0.00591	0.000224	0.96	0.772	0.399	0.105	0.0121	0.000567	1.05e-05	1	0:02:01.536558
6500	130	130	0.987	0.92	0.678	0.303	0.0659	0.00618	0.000234	0.987	0.888	0.586	0.217	0.0374	0.0027	7.78e-05	1	0:02:01.514959
6600	132	132	0.976	0.904	0.661	0.293	0.0635	0.00594	0.000225	0.976	0.834	0.488	0.152	0.0212	0.00123	2.8e-05	1	0:02:01.508012
6700	134	-1	0.0	0.0	0.0	0.0	0.0	0.0	0.0	0.0	0.0	0.0	0.0	0.0	0.0	0.0	0	0:01:46.126184
6800	136	136	0.994	0.936	0.698	0.315	0.0694	0.00656	0.00025	0.994	0.936	0.698	0.315	0.0693	0.00655	0.00025	1	0:02:02.034778
6900	138	138	0.955	0.869	0.622	0.271	0.058	0.00536	0.000201	0.955	0.757	0.381	0.0964	0.0107	0.000479	8.45e-06	1	0:02:01.541505
7000	140	140	0.99	0.93	0.693	0.312	0.0686	0.00648	0.000247	0.99	0.91	0.633	0.254	0.0484	0.0039	0.000126	1	0:02:01.543418
7100	142	142	0.861	0.727	0.478	0.194	0.0391	0.00348	0.000126	0.86	0.533	0.179	0.0276	0.00176	4.47e-05	4.38e-07	1	0:02:01.499452
7200	144	144	0.963	0.877	0.627	0.272	0.0577	0.00531	0.000198	0.963	0.784	0.415	0.112	0.0134	0.000654	1.25e-05	1	0:02:01.543664
7300	146	-1	0.0	0.0	0.0	0.0	0.0	0.0	0.0	0.0	0.0	0.0	0.0	0.0	0.0	0.0	0	0:01:46.184645
7400	148	148	0.994	0.936	0.698	0.315	0.0694	0.00656	0.00025	0.994	0.935	0.698	0.315	0.0691	0.00652	0.000248	1	0:02:02.042211
7500	150	360	0.729	0.52	0.277	0.0921	0.016	0.00127	4.24e-05	0.729	0.348	0.0823	0.00843	0.00035	5.68e-06	3.53e-08	0	0:02:01.526895
7600	152	152	0.91	0.799	0.546	0.228	0.047	0.00423	0.000155	0.91	0.634	0.255	0.0487	0.00393	0.000127	1.6e-06	1	0:02:01.595464
7700	154	154	0.944	0.847	0.596	0.254	0.0535	0.00489	0.000181	0.944	0.721	0.34	0.0787	0.0079	0.00032	5.08e-06	1	0:02:01.537635
7800	156	156	0.922	0.83	0.591	0.257	0.0549	0.00509	0.000191	0.922	0.661	0.279	0.0565	0.00488	0.000169	2.27e-06	1	0:02:01.553311
7900	158	158	0.762	0.628	0.405	0.162	0.0325	0.00287	0.000104	0.762	0.387	0.0988	0.0111	0.000504	9.01e-06	6.18e-08	1	0:02:01.687321
8000	160	160	0.992	0.931	0.692	0.311	0.0681	0.00641	0.000244	0.992	0.921	0.66	0.278	0.0561	0.00482	0.000166	1	0:02:01.542019
8100	162	162	0.692	0.536	0.324	0.123	0.0237	0.00204	7.24e-05	0.692	0.309	0.0669	0.00623	0.000234	3.42e-06	1.91e-08	1	0:02:01.616084
8200	164	164	0.564	0.332	0.143	0.0403	0.00623	0.00046	1.47e-05	0.563	0.2	0.0329	0.00225	6.15e-05	6.49e-07	2.61e-09	1	0:02:01.602291
8300	166	166	0.857	0.768	0.546	0.237	0.0507	0.0047	0.000176	0.856	0.526	0.175	0.0265	0.00167	4.15e-05	4e-07	1	0:02:01.523722
8400	168	-1	0.0	0.0	0.0	0.0	0.0	0.0	0.0	0.0	0.0	0.0	0.0	0.0	0.0	0.0	0	0:01:46.162235
8500	170	172	0.617	0.42	0.221	0.0743	0.0132	0.00107	3.66e-05	0.617	0.241	0.0443	0.00343	0.000106	1.28e-06	5.88e-09	0	0:02:02.041049
8600	172	172	0.727	0.594	0.378	0.148	0.0293	0.00255	9.13e-05	0.727	0.346	0.0813	0.00828	0.000341	5.5e-06	3.4e-08	1	0:02:00.494705
8700	174	174	0.611	0.452	0.264	0.0987	0.019	0.00164	5.86e-05	0.61	0.236	0.0428	0.00327	9.98e-05	1.18e-06	5.34e-09	1	0:02:00.336462
8800	176	176	0.708	0.513	0.282	0.0973	0.0175	0.00143	4.88e-05	0.708	0.326	0.0733	0.00711	0.000278	4.26e-06	2.49e-08	1	0:02:00.305043
8900	178	178	0.993	0.934	0.696	0.314	0.0689	0.00651	0.000248	0.993	0.931	0.685	0.302	0.0644	0.00588	0.000217	1	0:02:00.346842
9000	180	243	0.502	0.349	0.193	0.0696	0.0131	0.00112	3.95e-05	0.501	0.159	0.0228	0.00136	3.19e-05	2.89e-07	9.98e-10	0	0:02:00.177360
9100	182	-1	0.0	0.0	0.0	0.0	0.0	0.0	0.0	0.0	0.0	0.0	0.0	0.0	0.0	0.0	0	0:01:45.969896
9200	184	-1	0.0	0.0	0.0	0.0	0.0	0.0	0.0	0.0	0.0	0.0	0.0	0.0	0.0	0.0	0	0:01:46.427362
9300	186	192	0.689	0.556	0.357	0.144	0.0293	0.00262	9.61e-05	0.689	0.306	0.0658	0.00608	0.000226	3.28e-06	1.82e-08	0	0:02:00.676286
9400	188	188	0.506	0.36	0.205	0.0746	0.0141	0.0012	4.22e-05	0.505	0.162	0.0234	0.0014	3.33e-05	3.05e-07	1.06e-09	1	0:02:00.155149
9500	190	190	0.979	0.915	0.677	0.304	0.0666	0.00627	0.000239	0.979	0.851	0.516	0.168	0.0249	0.00153	3.73e-05	1	0:02:00.152683
9600	192	199	0.77	0.585	0.338	0.121	0.0224	0.00185	6.4e-05	0.769	0.396	0.103	0.0118	0.000551	1.01e-05	7.09e-08	0	0:02:00.260753
9700	194	-1	0.0	0.0	0.0	0.0	0.0	0.0	0.0	0.0	0.0	0.0	0.0	0.0	0.0	0.0	0	0:01:46.045584
9800	196	199	0.954	0.872	0.628	0.275	0.0589	0.00546	0.000205	0.954	0.753	0.376	0.0942	0.0103	0.000458	7.98e-06	0	0:02:00.730050
9900	198	-1	0.0	0.0	0.0	0.0	0.0	0.0	0.0	0.0	0.0	0.0	0.0	0.0	0.0	0.0	0	0:01:46.074771
10000	200	200	0.867	0.714	0.449	0.173	0.0335	0.00287	0.000101	0.867	0.544	0.187	0.0294	0.00193	5.02e-05	5.05e-07	1	0:02:00.647450
10100	202	202	0.917	0.82	0.577	0.247	0.0522	0.00478	0.000178	0.917	0.65	0.269	0.0532	0.00446	0.00015	1.97e-06	1	0:02:00.130307
10200	204	204	0.613	0.475	0.295	0.117	0.0234	0.00208	7.59e-05	0.612	0.237	0.0432	0.00331	0.000102	1.21e-06	5.48e-09	1	0:02:00.340079
10300	206	206	0.973	0.897	0.651	0.287	0.0617	0.00574	0.000216	0.973	0.823	0.471	0.142	0.0192	0.00106	2.33e-05	1	0:02:00.178067
10400	208	208	0.602	0.437	0.246	0.0876	0.0162	0.00135	4.68e-05	0.601	0.229	0.0406	0.00304	9.06e-05	1.05e-06	4.63e-09	1	0:02:00.293117
10500	210	210	0.631	0.461	0.263	0.0952	0.0178	0.0015	5.27e-05	0.63	0.252	0.0477	0.00383	0.000123	1.53e-06	7.26e-09	1	0:02:00.323568
10600	212	212	0.539	0.302	0.123	0.0329	0.00491	0.000353	1.11e-05	0.539	0.184	0.0286	0.00186	4.78e-05	4.76e-07	1.8e-09	1	0:02:00.139568
10700	214	214	0.872	0.681	0.391	0.136	0.024	0.00191	6.34e-05	0.872	0.554	0.194	0.0311	0.00209	5.56e-05	5.73e-07	1	0:02:00.294943
10800	216	216	0.935	0.825	0.561	0.231	0.0467	0.00412	0.000148	0.935	0.697	0.314	0.0689	0.00649	0.000247	3.66e-06	1	0:02:00.077551
10900	218	218	0.971	0.905	0.668	0.299	0.0653	0.00614	0.000233	0.971	0.815	0.458	0.135	0.0177	0.000952	2.02e-05	1	0:02:00.121088
11000	220	220	0.741	0.588	0.365	0.142	0.0279	0.00243	8.72e-05	0.741	0.361	0.0877	0.00927	0.000397	6.66e-06	4.28e-08	1	0:02:00.175016
11100	222	-1	0.0	0.0	0.0	0.0	0.0	0.0	0.0	0.0	0.0	0.0	0.0	0.0	0.0	0.0	0	0:01:45.994871
11200	224	-1	0.0	0.0	0.0	0.0	0.0	0.0	0.0	0.0	0.0	0.0	0.0	0.0	0.0	0.0	0	0:01:46.429450
11300	226	226	0.932	0.804	0.528	0.209	0.0411	0.00355	0.000126	0.932	0.688	0.305	0.0655	0.00604	0.000224	3.24e-06	1	0:02:00.501614
11400	228	228	0.984	0.907	0.654	0.284	0.0601	0.00551	0.000204	0.984	0.874	0.557	0.196	0.0317	0.00214	5.76e-05	1	0:02:00.226428
11500	230	230	0.569	0.452	0.288	0.116	0.0237	0.00212	7.81e-05	0.568	0.204	0.0338	0.00234	6.45e-05	6.89e-07	2.8e-09	1	0:02:00.054761
11600	232	232	0.881	0.807	0.586	0.259	0.056	0.00522	0.000197	0.88	0.57	0.205	0.0342	0.00238	6.6e-05	7.08e-07	1	0:02:00.046185
11700	234	234	0.667	0.458	0.238	0.0789	0.0139	0.00112	3.81e-05	0.667	0.285	0.0584	0.00511	0.00018	2.46e-06	1.29e-08	1	0:02:00.292403
11800	236	-1	0.0	0.0	0.0	0.0	0.0	0.0	0.0	0.0	0.0	0.0	0.0	0.0	0.0	0.0	0	0:01:45.975828
11900	238	238	0.606	0.502	0.333	0.138	0.0286	0.0026	9.62e-05	0.605	0.232	0.0415	0.00314	9.46e-05	1.11e-06	4.93e-09	1	0:02:00.468284
12000	240	238	0.673	0.552	0.361	0.148	0.0303	0.00273	0.0001	0.672	0.289	0.06	0.00531	0.000189	2.62e-06	1.39e-08	0	0:02:00.148617
12100	242	242	0.848	0.723	0.481	0.196	0.0398	0.00354	0.000129	0.848	0.512	0.166	0.0244	0.00148	3.58e-05	3.33e-07	1	0:02:00.109695
12200	244	244	0.994	0.935	0.697	0.315	0.0692	0.00654	0.00025	0.994	0.932	0.689	0.307	0.0661	0.00611	0.000228	1	0:02:00.272834
12300	246	251	0.647	0.49	0.291	0.109	0.021	0.0018	6.38e-05	0.647	0.267	0.0523	0.00436	0.000146	1.89e-06	9.38e-09	0	0:02:00.029758
12400	248	-1	0.0	0.0	0.0	0.0	0.0	0.0	0.0	0.0	0.0	0.0	0.0	0.0	0.0	0.0	0	0:01:45.954396
12500	250	-1	0.0	0.0	0.0	0.0	0.0	0.0	0.0	0.0	0.0	0.0	0.0	0.0	0.0	0.0	0	0:01:46.424756
12600	252	252	0.92	0.788	0.512	0.2	0.0388	0.0033	0.000116	0.92	0.656	0.275	0.0551	0.0047	0.000161	2.14e-06	1	0:02:00.614305
12700	254	-1	0.0	0.0	0.0	0.0	0.0	0.0	0.0	0.0	0.0	0.0	0.0	0.0	0.0	0.0	0	0:01:45.950662
12800	256	256	0.979	0.908	0.663	0.293	0.0631	0.00585	0.00022	0.979	0.849	0.513	0.166	0.0245	0.0015	3.62e-05	1	0:02:00.822928
12900	258	258	0.743	0.536	0.29	0.0977	0.0171	0.00137	4.57e-05	0.743	0.365	0.0891	0.00948	0.00041	6.93e-06	4.49e-08	1	0:02:00.184659
13000	260	260	0.885	0.716	0.435	0.162	0.0303	0.00254	8.8e-05	0.885	0.579	0.212	0.0359	0.00255	7.23e-05	7.93e-07	1	0:02:00.187438
13100	262	262	0.992	0.932	0.694	0.313	0.0688	0.0065	0.000248	0.992	0.921	0.66	0.278	0.0561	0.00482	0.000166	1	0:02:00.255007
13200	264	264	0.69	0.5	0.279	0.0989	0.0182	0.00152	5.28e-05	0.69	0.307	0.0661	0.00611	0.000228	3.31e-06	1.84e-08	1	0:02:00.056632
13300	266	266	0.512	0.42	0.276	0.114	0.0235	0.00212	7.8e-05	0.511	0.165	0.0242	0.00147	3.54e-05	3.29e-07	1.16e-09	1	0:01:59.969181
13400	268	268	0.992	0.93	0.69	0.31	0.0678	0.00638	0.000243	0.992	0.918	0.654	0.273	0.0542	0.00459	0.000156	1	0:02:00.287582
13500	270	270	0.971	0.903	0.665	0.297	0.0648	0.00609	0.000231	0.971	0.813	0.456	0.133	0.0174	0.000934	1.98e-05	1	0:02:00.099574
13600	272	274	0.57	0.39	0.205	0.0686	0.0121	0.000968	3.27e-05	0.57	0.205	0.0341	0.00237	6.57e-05	7.05e-07	2.88e-09	0	0:02:00.281518
13700	274	274	0.983	0.914	0.672	0.299	0.0649	0.00608	0.00023	0.983	0.867	0.545	0.187	0.0295	0.00194	5.06e-05	1	0:02:00.088566
13800	276	276	0.987	0.924	0.684	0.307	0.0672	0.00633	0.000241	0.987	0.889	0.588	0.218	0.0377	0.00274	7.92e-05	1	0:02:00.055310
13900	278	278	0.689	0.591	0.405	0.172	0.0363	0.00334	0.000125	0.688	0.306	0.0657	0.00606	0.000225	3.26e-06	1.81e-08	1	0:02:00.153775
14000	280	280	0.812	0.67	0.429	0.17	0.0339	0.00298	0.000107	0.812	0.454	0.133	0.0172	0.000922	1.94e-05	1.57e-07	1	0:02:00.156729
14100	282	282	0.674	0.587	0.409	0.176	0.0374	0.00346	0.00013	0.673	0.291	0.0605	0.00537	0.000192	2.67e-06	1.42e-08	1	0:02:00.135978
14200	284	284	0.994	0.935	0.697	0.315	0.0692	0.00655	0.00025	0.994	0.932	0.689	0.306	0.066	0.00611	0.000227	1	0:01:59.996718
14300	286	286	0.988	0.923	0.682	0.305	0.0666	0.00626	0.000238	0.988	0.894	0.597	0.226	0.0397	0.00295	8.72e-05	1	0:02:00.167026
14400	288	288	0.854	0.73	0.487	0.2	0.041	0.00367	0.000134	0.854	0.522	0.172	0.0259	0.00161	3.98e-05	3.8e-07	1	0:02:00.239484
14500	290	290	0.88	0.799	0.576	0.253	0.0546	0.0051	0.000193	0.88	0.569	0.204	0.0339	0.00235	6.49e-05	6.94e-07	1	0:02:00.161975
14600	292	290	0.744	0.62	0.41	0.169	0.0347	0.00313	0.000115	0.744	0.365	0.0892	0.0095	0.00041	6.94e-06	4.51e-08	0	0:02:00.157869
14700	294	294	0.841	0.645	0.368	0.129	0.0233	0.00189	6.43e-05	0.841	0.5	0.158	0.0227	0.00135	3.16e-05	2.85e-07	1	0:02:00.129337
14800	296	296	0.931	0.785	0.496	0.188	0.0356	0.00298	0.000103	0.931	0.685	0.303	0.0646	0.00592	0.000218	3.14e-06	1	0:02:00.125414
14900	298	-1	0.0	0.0	0.0	0.0	0.0	0.0	0.0	0.0	0.0	0.0	0.0	0.0	0.0	0.0	0	0:01:45.921005
15000	300	300	0.99	0.929	0.691	0.311	0.0682	0.00643	0.000245	0.99	0.909	0.632	0.254	0.0481	0.00387	0.000125	1	0:02:00.681876
15100	302	-1	0.0	0.0	0.0	0.0	0.0	0.0	0.0	0.0	0.0	0.0	0.0	0.0	0.0	0.0	0	0:01:45.951662
15200	304	301	0.951	0.878	0.64	0.283	0.0612	0.0057	0.000215	0.951	0.745	0.366	0.0898	0.00959	0.000416	7.06e-06	0	0:02:00.626913
15300	306	306	0.994	0.934	0.696	0.314	0.0689	0.00651	0.000248	0.994	0.932	0.688	0.305	0.0656	0.00604	0.000224	1	0:01:59.939440
15400	308	308	0.943	0.827	0.557	0.227	0.0458	0.00404	0.000146	0.943	0.718	0.336	0.0774	0.00771	0.00031	4.88e-06	1	0:02:00.045928
15500	310	310	0.994	0.935	0.697	0.314	0.069	0.00652	0.000249	0.994	0.932	0.688	0.306	0.0657	0.00606	0.000225	1	0:02:00.146911
15600	312	-1	0.0	0.0	0.0	0.0	0.0	0.0	0.0	0.0	0.0	0.0	0.0	0.0	0.0	0.0	0	0:01:45.936190
15700	314	314	0.791	0.645	0.41	0.162	0.0322	0.00283	0.000102	0.791	0.425	0.117	0.0143	0.000711	1.39e-05	1.05e-07	1	0:02:00.376791
15800	316	316	0.988	0.925	0.686	0.308	0.0674	0.00634	0.000241	0.988	0.896	0.603	0.23	0.041	0.00308	9.25e-05	1	0:02:00.108689
15900	318	318	0.729	0.545	0.313	0.113	0.0209	0.00174	6.07e-05	0.729	0.348	0.0821	0.0084	0.000348	5.64e-06	3.5e-08	1	0:02:00.177279
16000	320	320	0.832	0.736	0.518	0.223	0.0476	0.0044	0.000165	0.831	0.484	0.149	0.0206	0.00118	2.66e-05	2.32e-07	1	0:02:00.161732
16100	322	322	0.734	0.586	0.37	0.146	0.0292	0.00257	9.32e-05	0.734	0.354	0.0844	0.00875	0.000368	6.05e-06	3.81e-08	1	0:02:00.022155
16200	324	324	0.971	0.898	0.657	0.291	0.0632	0.00591	0.000224	0.971	0.816	0.46	0.136	0.0179	0.00097	2.07e-05	1	0:02:00.096998
16300	326	326	0.892	0.784	0.544	0.231	0.0487	0.00446	0.000166	0.892	0.595	0.223	0.0392	0.00289	8.48e-05	9.66e-07	1	0:02:00.153154
16400	328	328	0.974	0.905	0.665	0.296	0.0645	0.00606	0.00023	0.974	0.829	0.481	0.147	0.0202	0.00115	2.57e-05	1	0:02:00.120386
16500	330	330	0.683	0.543	0.34	0.134	0.0265	0.00233	8.41e-05	0.683	0.3	0.0637	0.00579	0.000212	3.02e-06	1.65e-08	1	0:02:00.112478
16600	332	-1	0.0	0.0	0.0	0.0	0.0	0.0	0.0	0.0	0.0	0.0	0.0	0.0	0.0	0.0	0	0:01:45.944249
16700	334	334	0.983	0.916	0.675	0.301	0.0656	0.00616	0.000234	0.983	0.869	0.549	0.19	0.0303	0.00201	5.31e-05	1	0:02:00.574338
16800	336	336	0.965	0.869	0.606	0.254	0.0522	0.00466	0.00017	0.965	0.791	0.424	0.117	0.0142	0.00071	1.39e-05	1	0:02:00.051280
16900	338	-1	0.0	0.0	0.0	0.0	0.0	0.0	0.0	0.0	0.0	0.0	0.0	0.0	0.0	0.0	0	0:01:45.999355
17000	340	340	0.994	0.936	0.698	0.315	0.0693	0.00656	0.00025	0.994	0.935	0.696	0.313	0.0685	0.00644	0.000244	1	0:02:00.437380
17100	342	-1	0.0	0.0	0.0	0.0	0.0	0.0	0.0	0.0	0.0	0.0	0.0	0.0	0.0	0.0	0	0:01:46.010224
17200	344	344	0.987	0.916	0.668	0.294	0.0632	0.00586	0.00022	0.987	0.89	0.59	0.22	0.0381	0.00277	8.05e-05	1	0:02:00.604576
17300	346	-1	0.0	0.0	0.0	0.0	0.0	0.0	0.0	0.0	0.0	0.0	0.0	0.0	0.0	0.0	0	0:01:45.958193
17400	348	348	0.848	0.722	0.483	0.199	0.0408	0.00366	0.000134	0.848	0.511	0.165	0.0243	0.00148	3.56e-05	3.31e-07	1	0:02:00.510092
17500	350	350	0.994	0.936	0.698	0.315	0.0694	0.00656	0.00025	0.994	0.936	0.698	0.315	0.0692	0.00654	0.000249	1	0:02:00.268764
17600	352	352	0.954	0.86	0.601	0.252	0.0519	0.00464	0.000168	0.954	0.755	0.378	0.095	0.0104	0.000466	8.15e-06	1	0:02:00.176114
17700	354	354	0.988	0.918	0.67	0.295	0.0632	0.00585	0.000219	0.989	0.899	0.608	0.234	0.0422	0.00321	9.74e-05	1	0:02:00.045802
17800	356	-1	0.0	0.0	0.0	0.0	0.0	0.0	0.0	0.0	0.0	0.0	0.0	0.0	0.0	0.0	0	0:01:45.915295
17900	358	-1	0.0	0.0	0.0	0.0	0.0	0.0	0.0	0.0	0.0	0.0	0.0	0.0	0.0	0.0	0	0:01:46.281117
18000	360	360	0.945	0.845	0.59	0.25	0.052	0.00471	0.000174	0.945	0.725	0.344	0.0804	0.00814	0.000334	5.35e-06	1	0:02:00.404779
18100	362	362	0.991	0.93	0.691	0.311	0.0681	0.00643	0.000245	0.991	0.916	0.647	0.267	0.0524	0.00437	0.000146	1	0:02:00.069921
18200	364	364	0.959	0.836	0.55	0.217	0.0421	0.00359	0.000126	0.959	0.769	0.396	0.103	0.0118	0.000549	1e-05	1	0:02:00.216926
18300	366	366	0.529	0.311	0.136	0.0391	0.00616	0.00046	1.48e-05	0.528	0.177	0.0269	0.0017	4.27e-05	4.14e-07	1.53e-09	1	0:02:00.174594
18400	368	368	0.948	0.856	0.608	0.262	0.0557	0.00513	0.000191	0.948	0.734	0.353	0.0844	0.00875	0.000368	6.05e-06	1	0:02:00.127398
18500	370	370	0.95	0.878	0.643	0.286	0.0623	0.00585	0.000222	0.95	0.741	0.362	0.0879	0.00929	0.000398	6.69e-06	1	0:01:59.964129
18600	372	372	0.758	0.538	0.28	0.0904	0.0152	0.00118	3.86e-05	0.758	0.382	0.0967	0.0107	0.000482	8.51e-06	5.76e-08	1	0:01:59.983869
18700	374	-1	0.0	0.0	0.0	0.0	0.0	0.0	0.0	0.0	0.0	0.0	0.0	0.0	0.0	0.0	0	0:01:45.981275
18800	376	376	0.927	0.795	0.522	0.208	0.0412	0.00359	0.000128	0.927	0.674	0.292	0.0608	0.00541	0.000194	2.7e-06	1	0:02:00.124799
18900	378	-1	0.0	0.0	0.0	0.0	0.0	0.0	0.0	0.0	0.0	0.0	0.0	0.0	0.0	0.0	0	0:01:45.945356
19000	380	380	0.85	0.714	0.468	0.189	0.0382	0.00339	0.000123	0.849	0.514	0.167	0.0247	0.00151	3.66e-05	3.42e-07	1	0:02:00.498131
19100	382	382	0.822	0.727	0.512	0.222	0.0474	0.00439	0.000165	0.822	0.469	0.141	0.0189	0.00104	2.27e-05	1.91e-07	1	0:02:00.118071
19200	384	-1	0.0	0.0	0.0	0.0	0.0	0.0	0.0	0.0	0.0	0.0	0.0	0.0	0.0	0.0	0	0:01:45.925989
19300	386	101	0.517	0.431	0.288	0.12	0.025	0.00228	8.47e-05	0.515	0.168	0.0249	0.00153	3.73e-05	3.5e-07	1.25e-09	0	0:02:00.350474
19400	388	388	0.902	0.734	0.445	0.164	0.0303	0.00251	8.62e-05	0.902	0.615	0.24	0.0439	0.00339	0.000105	1.26e-06	1	0:02:00.193388
19500	390	390	0.888	0.763	0.511	0.21	0.0429	0.00384	0.00014	0.888	0.585	0.216	0.0372	0.00268	7.71e-05	8.58e-07	1	0:02:00.124838
19600	392	397	0.804	0.626	0.373	0.138	0.0261	0.00221	7.76e-05	0.804	0.443	0.127	0.0161	0.000836	1.71e-05	1.35e-07	0	0:02:00.188118
19700	394	-1	0.0	0.0	0.0	0.0	0.0	0.0	0.0	0.0	0.0	0.0	0.0	0.0	0.0	0.0	0	0:01:46.012503
19800	396	396	0.994	0.935	0.698	0.315	0.0693	0.00655	0.00025	0.994	0.935	0.696	0.313	0.0685	0.00644	0.000244	1	0:02:00.409481
19900	398	398	0.984	0.914	0.671	0.298	0.0646	0.00604	0.000228	0.984	0.873	0.557	0.196	0.0316	0.00214	5.73e-05	1	0:02:00.033620
20000	400	400	0.5	0.387	0.239	0.0928	0.0184	0.00161	5.8e-05	0.499	0.158	0.0226	0.00134	3.13e-05	2.83e-07	9.71e-10	1	0:02:00.067878
20100	402	-1	0.0	0.0	0.0	0.0	0.0	0.0	0.0	0.0	0.0	0.0	0.0	0.0	0.0	0.0	0	0:01:45.994474
20200	404	404	0.965	0.897	0.661	0.295	0.0645	0.00606	0.00023	0.965	0.792	0.427	0.118	0.0144	0.000724	1.43e-05	1	0:02:00.487441
20300	406	406	0.852	0.703	0.444	0.172	0.0334	0.00286	0.000101	0.852	0.518	0.17	0.0253	0.00156	3.82e-05	3.61e-07	1	0:01:59.992034
20400	408	847	0.635	0.454	0.248	0.085	0.0152	0.00123	4.18e-05	0.634	0.255	0.0487	0.00394	0.000127	1.6e-06	7.69e-09	0	0:02:00.157259
20500	410	-1	0.0	0.0	0.0	0.0	0.0	0.0	0.0	0.0	0.0	0.0	0.0	0.0	0.0	0.0	0	0:01:45.935230
20600	412	-1	0.0	0.0	0.0	0.0	0.0	0.0	0.0	0.0	0.0	0.0	0.0	0.0	0.0	0.0	0	0:01:46.290608
20700	414	414	0.724	0.557	0.333	0.125	0.024	0.00206	7.31e-05	0.724	0.342	0.0798	0.00806	0.000329	5.26e-06	3.22e-08	1	0:02:00.491971
20800	416	416	0.868	0.752	0.513	0.215	0.0447	0.00406	0.00015	0.868	0.546	0.188	0.0297	0.00196	5.12e-05	5.18e-07	1	0:01:59.962605
20900	418	563	0.934	0.845	0.602	0.262	0.0559	0.00518	0.000194	0.934	0.694	0.312	0.0679	0.00636	0.00024	3.54e-06	0	0:01:59.926593
21000	420	-1	0.0	0.0	0.0	0.0	0.0	0.0	0.0	0.0	0.0	0.0	0.0	0.0	0.0	0.0	0	0:01:45.927217
21100	422	422	0.566	0.439	0.271	0.105	0.0206	0.00178	6.37e-05	0.565	0.201	0.0331	0.00228	6.24e-05	6.61e-07	2.66e-09	1	0:02:00.541683
21200	424	-1	0.0	0.0	0.0	0.0	0.0	0.0	0.0	0.0	0.0	0.0	0.0	0.0	0.0	0.0	0	0:01:45.891519
21300	426	426	0.992	0.931	0.693	0.312	0.0685	0.00647	0.000246	0.992	0.919	0.654	0.273	0.0544	0.00461	0.000157	1	0:02:00.400811
21400	428	428	0.994	0.935	0.698	0.315	0.0693	0.00655	0.00025	0.994	0.935	0.696	0.313	0.0686	0.00645	0.000245	1	0:02:00.097150
21500	430	430	0.714	0.533	0.304	0.109	0.02	0.00165	5.67e-05	0.714	0.331	0.0755	0.00743	0.000295	4.58e-06	2.72e-08	1	0:01:59.963041
21600	432	432	0.99	0.928	0.688	0.309	0.0676	0.00636	0.000242	0.99	0.909	0.632	0.254	0.0482	0.00387	0.000125	1	0:01:59.933482
21700	434	-1	0.0	0.0	0.0	0.0	0.0	0.0	0.0	0.0	0.0	0.0	0.0	0.0	0.0	0.0	0	0:01:45.941650
21800	436	436	0.945	0.863	0.623	0.273	0.0588	0.00547	0.000206	0.945	0.726	0.345	0.081	0.00824	0.000339	5.46e-06	1	0:02:00.471437
21900	438	438	0.555	0.398	0.224	0.0811	0.0152	0.00128	4.49e-05	0.555	0.194	0.0312	0.0021	5.6e-05	5.79e-07	2.28e-09	1	0:02:00.082845
22000	440	-1	0.0	0.0	0.0	0.0	0.0	0.0	0.0	0.0	0.0	0.0	0.0	0.0	0.0	0.0	0	0:01:45.973453
22100	442	442	0.674	0.546	0.353	0.143	0.0292	0.00262	9.62e-05	0.674	0.291	0.0606	0.00539	0.000193	2.69e-06	1.43e-08	1	0:02:00.324688
22200	444	-1	0.0	0.0	0.0	0.0	0.0	0.0	0.0	0.0	0.0	0.0	0.0	0.0	0.0	0.0	0	0:01:45.978694
22300	446	446	0.938	0.832	0.574	0.241	0.05	0.00452	0.000166	0.938	0.706	0.323	0.0723	0.00697	0.000271	4.12e-06	1	0:02:00.512935
22400	448	448	0.713	0.551	0.334	0.127	0.0247	0.00214	7.63e-05	0.712	0.33	0.075	0.00735	0.000291	4.5e-06	2.67e-08	1	0:02:00.092901
22500	450	-1	0.0	0.0	0.0	0.0	0.0	0.0	0.0	0.0	0.0	0.0	0.0	0.0	0.0	0.0	0	0:01:45.977388
22600	452	452	0.932	0.812	0.546	0.223	0.0453	0.00402	0.000146	0.932	0.688	0.305	0.0655	0.00604	0.000224	3.24e-06	1	0:02:00.507354
22700	454	454	0.87	0.754	0.511	0.212	0.0438	0.00394	0.000145	0.87	0.551	0.191	0.0305	0.00203	5.37e-05	5.49e-07	1	0:01:59.953858
22800	456	-1	0.0	0.0	0.0	0.0	0.0	0.0	0.0	0.0	0.0	0.0	0.0	0.0	0.0	0.0	0	0:01:45.946983
22900	458	458	0.958	0.859	0.599	0.253	0.0525	0.00474	0.000174	0.958	0.766	0.391	0.101	0.0114	0.000527	9.53e-06	1	0:02:00.474247
23000	460	-1	0.0	0.0	0.0	0.0	0.0	0.0	0.0	0.0	0.0	0.0	0.0	0.0	0.0	0.0	0	0:01:45.968928
23100	462	462	0.989	0.923	0.679	0.302	0.0654	0.0061	0.00023	0.989	0.902	0.615	0.24	0.044	0.0034	0.000105	1	0:02:00.316493
23200	464	439	0.559	0.383	0.206	0.0719	0.0132	0.0011	3.82e-05	0.558	0.197	0.0319	0.00216	5.82e-05	6.06e-07	2.41e-09	0	0:02:00.014041
23300	466	466	0.886	0.776	0.535	0.226	0.0475	0.00434	0.000161	0.886	0.582	0.214	0.0364	0.0026	7.41e-05	8.17e-07	1	0:02:00.036540
23400	468	468	0.905	0.806	0.567	0.244	0.0516	0.00475	0.000177	0.905	0.621	0.245	0.0454	0.00356	0.000112	1.36e-06	1	0:02:00.016544
23500	470	-1	0.0	0.0	0.0	0.0	0.0	0.0	0.0	0.0	0.0	0.0	0.0	0.0	0.0	0.0	0	0:01:45.976524
23600	472	472	0.984	0.921	0.683	0.307	0.0673	0.00635	0.000242	0.984	0.872	0.555	0.194	0.0313	0.0021	5.62e-05	1	0:02:00.312732
23700	474	-1	0.0	0.0	0.0	0.0	0.0	0.0	0.0	0.0	0.0	0.0	0.0	0.0	0.0	0.0	0	0:01:45.945183
23800	476	476	0.964	0.866	0.605	0.256	0.0531	0.0048	0.000176	0.964	0.787	0.419	0.114	0.0137	0.000675	1.3e-05	1	0:02:00.450041
23900	478	478	0.579	0.41	0.228	0.0816	0.0152	0.00128	4.5e-05	0.579	0.212	0.0358	0.00255	7.2e-05	7.89e-07	3.3e-09	1	0:02:00.058244
24000	480	-1	0.0	0.0	0.0	0.0	0.0	0.0	0.0	0.0	0.0	0.0	0.0	0.0	0.0	0.0	0	0:01:46.003265
24100	482	-1	0.0	0.0	0.0	0.0	0.0	0.0	0.0	0.0	0.0	0.0	0.0	0.0	0.0	0.0	0	0:01:46.385801
24200	484	871	0.78	0.673	0.462	0.196	0.0414	0.0038	0.000142	0.78	0.409	0.11	0.0129	0.000621	1.17e-05	8.52e-08	0	0:02:00.418155
24300	486	486	0.528	0.434	0.288	0.12	0.0249	0.00228	8.46e-05	0.526	0.175	0.0266	0.00167	4.18e-05	4.03e-07	1.48e-09	1	0:02:00.128973
24400	488	488	0.739	0.527	0.275	0.0889	0.015	0.00115	3.77e-05	0.738	0.359	0.0867	0.0091	0.000387	6.46e-06	4.12e-08	1	0:01:59.990634
24500	490	490	0.648	0.43	0.216	0.0695	0.012	0.000955	3.22e-05	0.648	0.268	0.0527	0.00441	0.000148	1.93e-06	9.6e-09	1	0:01:59.986194
24600	492	492	0.834	0.689	0.443	0.177	0.0353	0.00312	0.000113	0.834	0.488	0.151	0.0211	0.00122	2.77e-05	2.44e-07	1	0:01:59.942426
24700	494	398	0.92	0.813	0.563	0.238	0.0498	0.00454	0.000168	0.92	0.658	0.277	0.0556	0.00477	0.000164	2.19e-06	0	0:02:00.094685
24800	496	-1	0.0	0.0	0.0	0.0	0.0	0.0	0.0	0.0	0.0	0.0	0.0	0.0	0.0	0.0	0	0:01:45.956061
24900	498	498	0.991	0.93	0.692	0.312	0.0685	0.00647	0.000247	0.991	0.911	0.635	0.256	0.049	0.00397	0.000129	1	0:02:00.516683
25000	500	500	0.993	0.932	0.694	0.312	0.0685	0.00647	0.000246	0.993	0.924	0.668	0.286	0.0587	0.00514	0.000181	1	0:02:00.080052
25100	502	502	0.939	0.839	0.586	0.249	0.052	0.00473	0.000175	0.939	0.708	0.325	0.073	0.00707	0.000277	4.22e-06	1	0:01:59.971394
25200	504	-1	0.0	0.0	0.0	0.0	0.0	0.0	0.0	0.0	0.0	0.0	0.0	0.0	0.0	0.0	0	0:01:45.952372
25300	506	506	0.773	0.6	0.36	0.135	0.0257	0.00219	7.74e-05	0.773	0.4	0.105	0.0121	0.000572	1.06e-05	7.5e-08	1	0:02:00.400518
25400	508	508	0.883	0.808	0.587	0.26	0.0565	0.0053	0.000201	0.883	0.575	0.209	0.0351	0.00247	6.94e-05	7.53e-07	1	0:01:59.909182
25500	510	510	0.964	0.882	0.635	0.278	0.0595	0.00552	0.000207	0.964	0.788	0.42	0.115	0.0138	0.000683	1.32e-05	1	0:01:59.938123
25600	512	-1	0.0	0.0	0.0	0.0	0.0	0.0	0.0	0.0	0.0	0.0	0.0	0.0	0.0	0.0	0	0:01:45.926686
25700	514	514	0.992	0.929	0.689	0.309	0.0675	0.00635	0.000241	0.992	0.919	0.655	0.274	0.0546	0.00464	0.000158	1	0:02:00.436044
25800	516	-1	0.0	0.0	0.0	0.0	0.0	0.0	0.0	0.0	0.0	0.0	0.0	0.0	0.0	0.0	0	0:01:45.936131
25900	518	518	0.979	0.913	0.674	0.302	0.066	0.00621	0.000236	0.979	0.851	0.516	0.169	0.0251	0.00154	3.77e-05	1	0:02:00.364908
26000	520	520	0.94	0.858	0.62	0.272	0.0587	0.00547	0.000206	0.94	0.712	0.329	0.0746	0.0073	0.000289	4.46e-06	1	0:01:59.901490
26100	522	522	0.963	0.88	0.632	0.276	0.059	0.00546	0.000205	0.963	0.786	0.417	0.113	0.0136	0.000667	1.28e-05	1	0:02:00.023365
26200	524	461	0.594	0.45	0.254	0.0868	0.0152	0.0012	3.99e-05	0.592	0.222	0.0387	0.00283	8.28e-05	9.38e-07	4.05e-09	0	0:01:59.921977
26300	526	-1	0.0	0.0	0.0	0.0	0.0	0.0	0.0	0.0	0.0	0.0	0.0	0.0	0.0	0.0	0	0:01:45.945271
26400	528	-1	0.0	0.0	0.0	0.0	0.0	0.0	0.0	0.0	0.0	0.0	0.0	0.0	0.0	0.0	0	0:01:46.339037
26500	530	531	0.819	0.719	0.502	0.216	0.0459	0.00423	0.000159	0.819	0.464	0.138	0.0183	0.001	2.16e-05	1.79e-07	0	0:02:00.390111
26600	532	532	0.565	0.341	0.153	0.0444	0.00705	0.000529	1.71e-05	0.565	0.202	0.0332	0.00228	6.25e-05	6.62e-07	2.67e-09	1	0:02:00.093460
26700	534	-1	0.0	0.0	0.0	0.0	0.0	0.0	0.0	0.0	0.0	0.0	0.0	0.0	0.0	0.0	0	0:01:45.977916
26800	536	403	0.908	0.763	0.489	0.191	0.0373	0.00321	0.000114	0.908	0.628	0.25	0.0471	0.00375	0.000119	1.48e-06	0	0:02:00.420588
26900	538	538	0.977	0.916	0.681	0.307	0.0674	0.00637	0.000243	0.977	0.842	0.501	0.16	0.0229	0.00137	3.22e-05	1	0:01:59.957895
27000	540	540	0.992	0.932	0.694	0.312	0.0685	0.00646	0.000246	0.992	0.923	0.666	0.284	0.058	0.00506	0.000178	1	0:02:00.058336
27100	542	-1	0.0	0.0	0.0	0.0	0.0	0.0	0.0	0.0	0.0	0.0	0.0	0.0	0.0	0.0	0	0:01:45.943016
27200	544	926	0.503	0.344	0.186	0.0656	0.0121	0.00102	3.56e-05	0.502	0.16	0.023	0.00137	3.23e-05	2.94e-07	1.01e-09	0	0:02:00.481741
27300	546	546	0.942	0.826	0.555	0.225	0.045	0.00394	0.000141	0.942	0.716	0.334	0.0764	0.00755	0.000302	4.71e-06	1	0:02:00.058929
27400	548	548	0.955	0.857	0.597	0.251	0.052	0.00468	0.000172	0.955	0.756	0.38	0.0958	0.0106	0.000474	8.32e-06	1	0:02:00.007607
27500	550	505	0.603	0.477	0.302	0.12	0.0244	0.00218	7.97e-05	0.602	0.23	0.0409	0.00307	9.19e-05	1.07e-06	4.73e-09	0	0:01:59.899233
27600	552	552	0.994	0.936	0.698	0.315	0.0693	0.00655	0.00025	0.994	0.935	0.697	0.314	0.0688	0.00649	0.000247	1	0:01:59.975137
27700	554	554	0.911	0.769	0.495	0.194	0.0379	0.00327	0.000116	0.911	0.635	0.256	0.049	0.00397	0.000129	1.62e-06	1	0:01:59.997799
27800	556	-1	0.0	0.0	0.0	0.0	0.0	0.0	0.0	0.0	0.0	0.0	0.0	0.0	0.0	0.0	0	0:01:45.951834
27900	558	251	0.68	0.413	0.175	0.0468	0.00683	0.00048	1.48e-05	0.68	0.298	0.0629	0.00569	0.000207	2.93e-06	1.59e-08	0	0:02:00.440500
28000	560	768	0.521	0.366	0.204	0.0734	0.0138	0.00117	4.12e-05	0.521	0.171	0.0257	0.0016	3.93e-05	3.74e-07	1.35e-09	0	0:02:00.026666
28100	562	562	0.994	0.935	0.697	0.315	0.0692	0.00654	0.00025	0.994	0.933	0.69	0.307	0.0663	0.00615	0.000229	1	0:01:59.992974
28200	564	564	0.543	0.344	0.165	0.0504	0.00824	0.000625	2.02e-05	0.542	0.186	0.0291	0.0019	4.94e-05	4.95e-07	1.89e-09	1	0:02:00.182375
28300	566	566	0.887	0.763	0.508	0.206	0.0415	0.00366	0.000132	0.887	0.584	0.215	0.0369	0.00265	7.6e-05	8.43e-07	1	0:02:00.476160
28400	568	399	0.511	0.323	0.157	0.0499	0.00849	0.00067	2.24e-05	0.511	0.165	0.0242	0.00147	3.55e-05	3.3e-07	1.16e-09	0	0:02:00.831969
28500	570	-1	0.0	0.0	0.0	0.0	0.0	0.0	0.0	0.0	0.0	0.0	0.0	0.0	0.0	0.0	0	0:01:45.905390
28600	572	-1	0.0	0.0	0.0	0.0	0.0	0.0	0.0	0.0	0.0	0.0	0.0	0.0	0.0	0.0	0	0:01:46.412351
28700	574	574	0.99	0.929	0.692	0.312	0.0685	0.00647	0.000246	0.99	0.906	0.625	0.248	0.0463	0.00366	0.000116	1	0:02:00.401259
28800	576	-1	0.0	0.0	0.0	0.0	0.0	0.0	0.0	0.0	0.0	0.0	0.0	0.0	0.0	0.0	0	0:01:45.926266
28900	578	578	0.562	0.422	0.249	0.0939	0.0182	0.00157	5.62e-05	0.561	0.199	0.0324	0.00221	5.98e-05	6.27e-07	2.5e-09	1	0:02:00.396083
29000	580	738	0.961	0.885	0.643	0.284	0.0614	0.00573	0.000216	0.961	0.778	0.407	0.108	0.0127	0.000608	1.14e-05	0	0:01:59.984080
29100	582	-1	0.0	0.0	0.0	0.0	0.0	0.0	0.0	0.0	0.0	0.0	0.0	0.0	0.0	0.0	0	0:01:45.956371
29200	584	-1	0.0	0.0	0.0	0.0	0.0	0.0	0.0	0.0	0.0	0.0	0.0	0.0	0.0	0.0	0	0:01:46.309613
29300	586	586	0.94	0.843	0.593	0.254	0.0534	0.00489	0.000182	0.94	0.709	0.327	0.0737	0.00717	0.000282	4.32e-06	1	0:02:00.381278
29400	588	588	0.745	0.585	0.359	0.138	0.027	0.00234	8.39e-05	0.744	0.366	0.0896	0.00956	0.000414	7.02e-06	4.57e-08	1	0:02:00.164013
29500	590	590	0.542	0.432	0.277	0.111	0.0227	0.00203	7.44e-05	0.54	0.184	0.0288	0.00187	4.84e-05	4.82e-07	1.83e-09	1	0:01:59.993106
29600	592	592	0.923	0.821	0.574	0.245	0.0516	0.00472	0.000176	0.923	0.664	0.282	0.0573	0.00497	0.000173	2.35e-06	1	0:02:00.040350
29700	594	843	0.666	0.478	0.264	0.0925	0.0169	0.00139	4.81e-05	0.665	0.283	0.0579	0.00505	0.000177	2.41e-06	1.26e-08	0	0:01:59.941814
29800	596	-1	0.0	0.0	0.0	0.0	0.0	0.0	0.0	0.0	0.0	0.0	0.0	0.0	0.0	0.0	0	0:01:45.920522
29900	598	-1	0.0	0.0	0.0	0.0	0.0	0.0	0.0	0.0	0.0	0.0	0.0	0.0	0.0	0.0	0	0:01:46.321049
30000	600	517	0.584	0.405	0.22	0.0767	0.014	0.00117	4.05e-05	0.583	0.215	0.0367	0.00263	7.53e-05	8.33e-07	3.52e-09	0	0:02:00.460438
30100	602	602	0.971	0.908	0.673	0.303	0.0664	0.00626	0.000238	0.971	0.815	0.459	0.135	0.0178	0.00096	2.05e-05	1	0:02:00.070251
30200	604	604	0.605	0.322	0.114	0.025	0.00305	0.000187	5.22e-06	0.605	0.232	0.0415	0.00314	9.45e-05	1.1e-06	4.93e-09	1	0:02:00.044407
30300	606	606	0.994	0.935	0.698	0.315	0.0693	0.00655	0.00025	0.994	0.934	0.695	0.312	0.068	0.00638	0.000241	1	0:02:00.830714
30400	608	-1	0.0	0.0	0.0	0.0	0.0	0.0	0.0	0.0	0.0	0.0	0.0	0.0	0.0	0.0	0	0:01:46.098333
30500	610	-1	0.0	0.0	0.0	0.0	0.0	0.0	0.0	0.0	0.0	0.0	0.0	0.0	0.0	0.0	0	0:01:46.477773
30600	612	612	0.993	0.933	0.694	0.313	0.0686	0.00647	0.000246	0.993	0.929	0.679	0.296	0.0624	0.00563	0.000204	1	0:02:01.232761
30700	614	614	0.874	0.711	0.441	0.168	0.0325	0.00278	9.85e-05	0.874	0.557	0.196	0.0317	0.00214	5.76e-05	5.99e-07	1	0:02:00.806812
30800	616	-1	0.0	0.0	0.0	0.0	0.0	0.0	0.0	0.0	0.0	0.0	0.0	0.0	0.0	0.0	0	0:01:46.112012
30900	618	-1	0.0	0.0	0.0	0.0	0.0	0.0	0.0	0.0	0.0	0.0	0.0	0.0	0.0	0.0	0	0:01:46.452805
31000	620	-1	0.0	0.0	0.0	0.0	0.0	0.0	0.0	0.0	0.0	0.0	0.0	0.0	0.0	0.0	0	0:01:46.509149
31100	622	622	0.994	0.936	0.698	0.315	0.0693	0.00656	0.00025	0.994	0.935	0.698	0.315	0.0691	0.00652	0.000248	1	0:02:01.223253
31200	624	453	0.531	0.404	0.245	0.0946	0.0187	0.00164	5.9e-05	0.53	0.177	0.0271	0.00172	4.34e-05	4.22e-07	1.56e-09	0	0:02:00.950496
31300	626	-1	0.0	0.0	0.0	0.0	0.0	0.0	0.0	0.0	0.0	0.0	0.0	0.0	0.0	0.0	0	0:01:46.017944
31400	628	-1	0.0	0.0	0.0	0.0	0.0	0.0	0.0	0.0	0.0	0.0	0.0	0.0	0.0	0.0	0	0:01:46.462646
31500	630	703	0.783	0.61	0.365	0.136	0.0259	0.0022	7.75e-05	0.783	0.413	0.111	0.0133	0.000644	1.23e-05	9.01e-08	0	0:02:01.386877
31600	632	632	0.857	0.74	0.502	0.209	0.0432	0.0039	0.000144	0.857	0.526	0.175	0.0266	0.00167	4.18e-05	4.03e-07	1	0:02:00.853016
31700	634	489	0.955	0.871	0.627	0.274	0.0588	0.00545	0.000205	0.955	0.756	0.38	0.0959	0.0106	0.000474	8.33e-06	0	0:02:00.852075
31800	636	636	0.666	0.571	0.392	0.167	0.0352	0.00324	0.000121	0.665	0.283	0.0577	0.00502	0.000176	2.39e-06	1.24e-08	1	0:02:00.850500
31900	638	638	0.622	0.55	0.387	0.167	0.0356	0.0033	0.000124	0.62	0.244	0.0452	0.00354	0.000111	1.34e-06	6.23e-09	1	0:02:00.864091
32000	640	640	0.994	0.936	0.698	0.315	0.0694	0.00656	0.00025	0.994	0.936	0.698	0.315	0.0693	0.00655	0.00025	1	0:02:00.827159
32100	642	642	0.988	0.924	0.684	0.306	0.067	0.00631	0.00024	0.988	0.894	0.598	0.226	0.04	0.00297	8.81e-05	1	0:02:00.943896
32200	644	644	0.977	0.909	0.669	0.299	0.0652	0.00613	0.000233	0.977	0.839	0.497	0.157	0.0223	0.00131	3.06e-05	1	0:02:00.804220
32300	646	646	0.943	0.868	0.634	0.281	0.0611	0.00572	0.000217	0.943	0.72	0.339	0.0783	0.00784	0.000317	5.02e-06	1	0:01:59.924083
32400	648	-1	0.0	0.0	0.0	0.0	0.0	0.0	0.0	0.0	0.0	0.0	0.0	0.0	0.0	0.0	0	0:01:45.982888
32500	650	-1	0.0	0.0	0.0	0.0	0.0	0.0	0.0	0.0	0.0	0.0	0.0	0.0	0.0	0.0	0	0:01:46.356277
32600	652	652	0.827	0.673	0.424	0.166	0.0328	0.00286	0.000103	0.827	0.477	0.145	0.0198	0.00112	2.48e-05	2.12e-07	1	0:02:00.407692
32700	654	-1	0.0	0.0	0.0	0.0	0.0	0.0	0.0	0.0	0.0	0.0	0.0	0.0	0.0	0.0	0	0:01:45.923545
32800	656	-1	0.0	0.0	0.0	0.0	0.0	0.0	0.0	0.0	0.0	0.0	0.0	0.0	0.0	0.0	0	0:01:46.298902
32900	658	658	0.959	0.879	0.637	0.28	0.0605	0.00564	0.000213	0.959	0.769	0.396	0.103	0.0118	0.000549	1e-05	1	0:02:00.592268
33000	660	-1	0.0	0.0	0.0	0.0	0.0	0.0	0.0	0.0	0.0	0.0	0.0	0.0	0.0	0.0	0	0:01:45.989815
33100	662	-1	0.0	0.0	0.0	0.0	0.0	0.0	0.0	0.0	0.0	0.0	0.0	0.0	0.0	0.0	0	0:01:46.318641
33200	664	-1	0.0	0.0	0.0	0.0	0.0	0.0	0.0	0.0	0.0	0.0	0.0	0.0	0.0	0.0	0	0:01:46.385923
33300	666	659	0.636	0.467	0.267	0.0966	0.0181	0.00153	5.35e-05	0.635	0.256	0.049	0.00397	0.000129	1.62e-06	7.8e-09	0	0:02:00.498799
33400	668	-1	0.0	0.0	0.0	0.0	0.0	0.0	0.0	0.0	0.0	0.0	0.0	0.0	0.0	0.0	0	0:01:45.958917
33500	670	670	0.879	0.789	0.562	0.245	0.0525	0.00487	0.000183	0.878	0.566	0.202	0.0334	0.00231	6.33e-05	6.72e-07	1	0:02:00.451151
33600	672	672	0.721	0.471	0.223	0.0675	0.0111	0.000855	2.83e-05	0.721	0.34	0.0787	0.0079	0.000321	5.08e-06	3.09e-08	1	0:01:59.958076
33700	674	674	0.633	0.427	0.217	0.0701	0.0119	0.000935	3.1e-05	0.632	0.254	0.0483	0.00389	0.000125	1.57e-06	7.5e-09	1	0:01:59.965360
33800	676	-1	0.0	0.0	0.0	0.0	0.0	0.0	0.0	0.0	0.0	0.0	0.0	0.0	0.0	0.0	0	0:01:45.967463
33900	678	678	0.994	0.935	0.698	0.315	0.0693	0.00655	0.00025	0.994	0.935	0.696	0.313	0.0686	0.00645	0.000245	1	0:02:00.490562
34000	680	-1	0.0	0.0	0.0	0.0	0.0	0.0	0.0	0.0	0.0	0.0	0.0	0.0	0.0	0.0	0	0:01:45.998229
34100	682	682	0.532	0.352	0.182	0.0613	0.011	0.0009	3.1e-05	0.532	0.179	0.0274	0.00175	4.42e-05	4.32e-07	1.61e-09	1	0:02:00.603384
34200	684	684	0.905	0.792	0.543	0.227	0.047	0.00424	0.000156	0.905	0.622	0.245	0.0455	0.00358	0.000112	1.37e-06	1	0:02:00.022275
34300	686	-1	0.0	0.0	0.0	0.0	0.0	0.0	0.0	0.0	0.0	0.0	0.0	0.0	0.0	0.0	0	0:01:45.995647
34400	688	688	0.992	0.932	0.694	0.313	0.0687	0.00649	0.000247	0.992	0.919	0.655	0.274	0.0547	0.00465	0.000159	1	0:02:00.475491
34500	690	-1	0.0	0.0	0.0	0.0	0.0	0.0	0.0	0.0	0.0	0.0	0.0	0.0	0.0	0.0	0	0:01:46.023956
34600	692	-1	0.0	0.0	0.0	0.0	0.0	0.0	0.0	0.0	0.0	0.0	0.0	0.0	0.0	0.0	0	0:01:46.334981
34700	694	694	0.994	0.935	0.698	0.315	0.0693	0.00656	0.00025	0.994	0.935	0.696	0.313	0.0685	0.00645	0.000244	1	0:02:01.383288
34800	696	-1	0.0	0.0	0.0	0.0	0.0	0.0	0.0	0.0	0.0	0.0	0.0	0.0	0.0	0.0	0	0:01:46.163392
34900	698	-1	0.0	0.0	0.0	0.0	0.0	0.0	0.0	0.0	0.0	0.0	0.0	0.0	0.0	0.0	0	0:01:46.509994
35000	700	700	0.523	0.381	0.215	0.0764	0.014	0.00116	4.02e-05	0.522	0.172	0.0259	0.00162	3.99e-05	3.81e-07	1.38e-09	1	0:02:01.267587
35100	702	422	0.893	0.773	0.524	0.217	0.0447	0.00402	0.000148	0.892	0.595	0.224	0.0392	0.00289	8.49e-05	9.67e-07	0	0:02:00.925195
35200	704	704	0.944	0.82	0.544	0.218	0.0435	0.0038	0.000136	0.944	0.722	0.34	0.079	0.00793	0.000322	5.12e-06	1	0:02:00.919655
35300	706	-1	0.0	0.0	0.0	0.0	0.0	0.0	0.0	0.0	0.0	0.0	0.0	0.0	0.0	0.0	0	0:01:46.030829
35400	708	682	0.842	0.716	0.479	0.197	0.0406	0.00366	0.000135	0.842	0.501	0.159	0.0228	0.00136	3.19e-05	2.89e-07	0	0:02:01.269774
35500	710	-1	0.0	0.0	0.0	0.0	0.0	0.0	0.0	0.0	0.0	0.0	0.0	0.0	0.0	0.0	0	0:01:46.100760
35600	712	-1	0.0	0.0	0.0	0.0	0.0	0.0	0.0	0.0	0.0	0.0	0.0	0.0	0.0	0.0	0	0:01:46.521966
35700	714	714	0.857	0.677	0.403	0.148	0.0275	0.00229	7.95e-05	0.857	0.527	0.175	0.0266	0.00168	4.19e-05	4.05e-07	1	0:02:01.428042
35800	716	716	0.804	0.672	0.442	0.18	0.0367	0.00329	0.00012	0.804	0.443	0.126	0.0161	0.000836	1.71e-05	1.35e-07	1	0:02:00.961920
35900	718	-1	0.0	0.0	0.0	0.0	0.0	0.0	0.0	0.0	0.0	0.0	0.0	0.0	0.0	0.0	0	0:01:46.013913
36000	720	-1	0.0	0.0	0.0	0.0	0.0	0.0	0.0	0.0	0.0	0.0	0.0	0.0	0.0	0.0	0	0:01:46.487261
36100	722	722	0.994	0.936	0.698	0.315	0.0693	0.00656	0.00025	0.994	0.935	0.697	0.315	0.069	0.00651	0.000248	1	0:02:01.354468
36200	724	780	0.952	0.881	0.647	0.288	0.0629	0.00591	0.000224	0.952	0.745	0.367	0.0901	0.00964	0.000419	7.12e-06	0	0:02:00.870743
36300	726	726	0.991	0.929	0.688	0.309	0.0675	0.00635	0.000241	0.991	0.915	0.644	0.264	0.0516	0.00427	0.000142	1	0:02:00.867896
36400	728	-1	0.0	0.0	0.0	0.0	0.0	0.0	0.0	0.0	0.0	0.0	0.0	0.0	0.0	0.0	0	0:01:46.057395
36500	730	856	0.571	0.421	0.243	0.0891	0.0168	0.00143	5.04e-05	0.57	0.205	0.0341	0.00237	6.57e-05	7.05e-07	2.88e-09	0	0:02:01.292340
36600	732	732	0.976	0.909	0.671	0.3	0.0656	0.00618	0.000235	0.976	0.835	0.489	0.152	0.0213	0.00124	2.83e-05	1	0:02:00.928812
36700	734	734	0.992	0.932	0.695	0.313	0.0688	0.0065	0.000248	0.992	0.92	0.657	0.276	0.0553	0.00472	0.000162	1	0:02:00.869724
36800	736	736	0.994	0.936	0.698	0.315	0.0694	0.00656	0.00025	0.994	0.935	0.698	0.315	0.0692	0.00653	0.000249	1	0:02:00.909126
36900	738	738	0.514	0.337	0.174	0.059	0.0106	0.000874	3.02e-05	0.513	0.167	0.0246	0.00151	3.65e-05	3.41e-07	1.21e-09	1	0:02:00.881685
37000	740	-1	0.0	0.0	0.0	0.0	0.0	0.0	0.0	0.0	0.0	0.0	0.0	0.0	0.0	0.0	0	0:01:46.118744
37100	742	-1	0.0	0.0	0.0	0.0	0.0	0.0	0.0	0.0	0.0	0.0	0.0	0.0	0.0	0.0	0	0:01:46.490390
37200	744	657	0.639	0.57	0.407	0.178	0.0385	0.0036	0.000136	0.638	0.259	0.0497	0.00406	0.000132	1.68e-06	8.15e-09	0	0:02:01.299997
37300	746	746	0.994	0.936	0.698	0.315	0.0694	0.00656	0.00025	0.994	0.936	0.698	0.315	0.0694	0.00656	0.00025	1	0:02:01.032672
37400	748	748	0.823	0.721	0.501	0.214	0.0453	0.00417	0.000156	0.822	0.47	0.141	0.0189	0.00105	2.29e-05	1.93e-07	1	0:02:00.931565
37500	750	-1	0.0	0.0	0.0	0.0	0.0	0.0	0.0	0.0	0.0	0.0	0.0	0.0	0.0	0.0	0	0:01:46.054344
37600	752	-1	0.0	0.0	0.0	0.0	0.0	0.0	0.0	0.0	0.0	0.0	0.0	0.0	0.0	0.0	0	0:01:46.478421
37700	754	-1	0.0	0.0	0.0	0.0	0.0	0.0	0.0	0.0	0.0	0.0	0.0	0.0	0.0	0.0	0	0:01:46.429654
37800	756	756	0.969	0.884	0.631	0.273	0.0578	0.0053	0.000197	0.969	0.809	0.449	0.13	0.0167	0.000883	1.84e-05	1	0:02:01.274620
37900	758	758	0.553	0.375	0.2	0.0694	0.0127	0.00106	3.69e-05	0.552	0.193	0.0308	0.00206	5.47e-05	5.62e-07	2.2e-09	1	0:02:01.000048
38000	760	-1	0.0	0.0	0.0	0.0	0.0	0.0	0.0	0.0	0.0	0.0	0.0	0.0	0.0	0.0	0	0:01:46.013073
38100	762	-1	0.0	0.0	0.0	0.0	0.0	0.0	0.0	0.0	0.0	0.0	0.0	0.0	0.0	0.0	0	0:01:46.488310
38200	764	-1	0.0	0.0	0.0	0.0	0.0	0.0	0.0	0.0	0.0	0.0	0.0	0.0	0.0	0.0	0	0:01:46.482528
38300	766	766	0.973	0.885	0.627	0.268	0.0562	0.00511	0.000188	0.973	0.823	0.471	0.141	0.019	0.00106	2.31e-05	1	0:02:01.315776
38400	768	768	0.719	0.557	0.335	0.126	0.0242	0.00207	7.31e-05	0.718	0.336	0.0775	0.00771	0.000311	4.89e-06	2.94e-08	1	0:02:00.822516
38500	770	-1	0.0	0.0	0.0	0.0	0.0	0.0	0.0	0.0	0.0	0.0	0.0	0.0	0.0	0.0	0	0:01:46.095577
38600	772	772	0.659	0.473	0.265	0.0951	0.0178	0.0015	5.29e-05	0.659	0.277	0.0558	0.00479	0.000165	2.21e-06	1.13e-08	1	0:02:01.368058
38700	774	774	0.914	0.798	0.541	0.223	0.0455	0.00405	0.000147	0.914	0.642	0.262	0.0509	0.0042	0.000139	1.78e-06	1	0:02:00.929826
38800	776	-1	0.0	0.0	0.0	0.0	0.0	0.0	0.0	0.0	0.0	0.0	0.0	0.0	0.0	0.0	0	0:01:46.075764
38900	778	-1	0.0	0.0	0.0	0.0	0.0	0.0	0.0	0.0	0.0	0.0	0.0	0.0	0.0	0.0	0	0:01:46.502473
39000	780	-1	0.0	0.0	0.0	0.0	0.0	0.0	0.0	0.0	0.0	0.0	0.0	0.0	0.0	0.0	0	0:01:46.459881
39100	782	-1	0.0	0.0	0.0	0.0	0.0	0.0	0.0	0.0	0.0	0.0	0.0	0.0	0.0	0.0	0	0:01:46.396515
39200	784	-1	0.0	0.0	0.0	0.0	0.0	0.0	0.0	0.0	0.0	0.0	0.0	0.0	0.0	0.0	0	0:01:46.471182
39300	786	-1	0.0	0.0	0.0	0.0	0.0	0.0	0.0	0.0	0.0	0.0	0.0	0.0	0.0	0.0	0	0:01:46.453827
39400	788	-1	0.0	0.0	0.0	0.0	0.0	0.0	0.0	0.0	0.0	0.0	0.0	0.0	0.0	0.0	0	0:01:46.435540
39500	790	791	0.619	0.486	0.304	0.121	0.0242	0.00216	7.86e-05	0.618	0.242	0.0446	0.00347	0.000108	1.3e-06	5.99e-09	0	0:02:01.174559
39600	792	-1	0.0	0.0	0.0	0.0	0.0	0.0	0.0	0.0	0.0	0.0	0.0	0.0	0.0	0.0	0	0:01:46.044963
39700	794	794	0.906	0.784	0.527	0.216	0.044	0.00393	0.000143	0.906	0.624	0.247	0.0461	0.00363	0.000115	1.4e-06	1	0:02:01.314012
39800	796	796	0.993	0.933	0.695	0.314	0.0689	0.00651	0.000248	0.993	0.925	0.669	0.287	0.0592	0.0052	0.000184	1	0:02:00.877958
39900	798	798	0.968	0.899	0.661	0.295	0.0642	0.00603	0.000229	0.968	0.803	0.442	0.126	0.0159	0.000826	1.69e-05	1	0:02:00.847957
40000	800	800	0.993	0.934	0.696	0.314	0.0689	0.00651	0.000248	0.993	0.928	0.676	0.294	0.0615	0.00551	0.000198	1	0:02:00.147930
40100	802	802	0.896	0.756	0.49	0.194	0.0386	0.00337	0.000121	0.896	0.602	0.229	0.0408	0.00305	9.13e-05	1.06e-06	1	0:02:00.057045
40200	804	-1	0.0	0.0	0.0	0.0	0.0	0.0	0.0	0.0	0.0	0.0	0.0	0.0	0.0	0.0	0	0:01:45.979023
40300	806	806	0.973	0.902	0.662	0.294	0.064	0.006	0.000228	0.973	0.822	0.469	0.14	0.0188	0.00104	2.27e-05	1	0:02:00.392826
40400	808	808	0.971	0.892	0.645	0.282	0.0603	0.00558	0.000209	0.971	0.813	0.456	0.133	0.0174	0.000931	1.97e-05	1	0:02:00.058453
40500	810	878	0.545	0.482	0.341	0.149	0.032	0.00298	0.000113	0.543	0.186	0.0292	0.00191	4.97e-05	4.99e-07	1.91e-09	0	0:01:59.931492
40600	812	812	0.994	0.936	0.698	0.315	0.0694	0.00656	0.00025	0.994	0.936	0.698	0.315	0.0694	0.00656	0.00025	1	0:02:00.058735
40700	814	-1	0.0	0.0	0.0	0.0	0.0	0.0	0.0	0.0	0.0	0.0	0.0	0.0	0.0	0.0	0	0:01:45.997318
40800	816	816	0.993	0.932	0.693	0.311	0.0682	0.00643	0.000245	0.993	0.925	0.671	0.289	0.0597	0.00527	0.000187	1	0:02:00.498491
40900	818	745	0.507	0.379	0.228	0.0877	0.0173	0.00152	5.48e-05	0.505	0.162	0.0235	0.00141	3.35e-05	3.08e-07	1.07e-09	0	0:02:00.285035
41000	820	-1	0.0	0.0	0.0	0.0	0.0	0.0	0.0	0.0	0.0	0.0	0.0	0.0	0.0	0.0	0	0:01:45.920214
41100	822	822	0.966	0.885	0.638	0.279	0.0597	0.00553	0.000208	0.966	0.795	0.43	0.12	0.0148	0.000746	1.48e-05	1	0:02:00.422785
41200	824	824	0.735	0.59	0.374	0.149	0.0298	0.00264	9.59e-05	0.734	0.354	0.0847	0.00879	0.00037	6.09e-06	3.84e-08	1	0:02:00.197650
41300	826	826	0.625	0.529	0.359	0.152	0.0319	0.00292	0.000109	0.624	0.247	0.0461	0.00363	0.000115	1.4e-06	6.57e-09	1	0:01:59.954894
41400	828	-1	0.0	0.0	0.0	0.0	0.0	0.0	0.0	0.0	0.0	0.0	0.0	0.0	0.0	0.0	0	0:01:45.923891
41500	830	-1	0.0	0.0	0.0	0.0	0.0	0.0	0.0	0.0	0.0	0.0	0.0	0.0	0.0	0.0	0	0:01:46.437693
41600	832	832	0.755	0.584	0.351	0.132	0.0255	0.0022	7.83e-05	0.755	0.378	0.095	0.0104	0.000465	8.14e-06	5.46e-08	1	0:02:00.408723
41700	834	-1	0.0	0.0	0.0	0.0	0.0	0.0	0.0	0.0	0.0	0.0	0.0	0.0	0.0	0.0	0	0:01:45.961759
41800	836	-1	0.0	0.0	0.0	0.0	0.0	0.0	0.0	0.0	0.0	0.0	0.0	0.0	0.0	0.0	0	0:01:46.436440
41900	838	631	0.775	0.676	0.469	0.201	0.0426	0.00392	0.000147	0.774	0.403	0.106	0.0123	0.000584	1.09e-05	7.75e-08	0	0:02:00.364422
42000	840	840	0.953	0.872	0.632	0.278	0.0599	0.00558	0.000211	0.953	0.749	0.371	0.0917	0.0099	0.000434	7.45e-06	1	0:01:59.924123
42100	842	-1	0.0	0.0	0.0	0.0	0.0	0.0	0.0	0.0	0.0	0.0	0.0	0.0	0.0	0.0	0	0:01:45.876890
42200	844	844	0.993	0.932	0.694	0.312	0.0685	0.00646	0.000246	0.993	0.924	0.667	0.285	0.0585	0.00513	0.00018	1	0:02:00.552025
42300	846	583	0.533	0.317	0.142	0.0418	0.00673	0.00051	1.66e-05	0.533	0.179	0.0275	0.00176	4.46e-05	4.37e-07	1.63e-09	0	0:02:00.014104
42400	848	-1	0.0	0.0	0.0	0.0	0.0	0.0	0.0	0.0	0.0	0.0	0.0	0.0	0.0	0.0	0	0:01:45.929886
42500	850	850	0.793	0.58	0.314	0.105	0.0183	0.00146	4.88e-05	0.793	0.428	0.119	0.0146	0.000731	1.44e-05	1.1e-07	1	0:02:00.598184
42600	852	852	0.993	0.934	0.697	0.315	0.0692	0.00654	0.000249	0.993	0.929	0.679	0.297	0.0625	0.00563	0.000204	1	0:02:00.004205
42700	854	854	0.606	0.395	0.197	0.0641	0.0111	0.000895	3.04e-05	0.606	0.232	0.0416	0.00315	9.5e-05	1.11e-06	4.96e-09	1	0:02:00.103246
42800	856	-1	0.0	0.0	0.0	0.0	0.0	0.0	0.0	0.0	0.0	0.0	0.0	0.0	0.0	0.0	0	0:01:45.968455
42900	858	-1	0.0	0.0	0.0	0.0	0.0	0.0	0.0	0.0	0.0	0.0	0.0	0.0	0.0	0.0	0	0:01:46.382728
43000	860	892	0.602	0.483	0.304	0.12	0.0237	0.00208	7.49e-05	0.601	0.229	0.0407	0.00304	9.09e-05	1.05e-06	4.65e-09	0	0:02:00.683092
43100	862	862	0.633	0.439	0.236	0.0818	0.0149	0.00124	4.29e-05	0.632	0.254	0.0483	0.00389	0.000125	1.57e-06	7.49e-09	1	0:02:00.012481
43200	864	-1	0.0	0.0	0.0	0.0	0.0	0.0	0.0	0.0	0.0	0.0	0.0	0.0	0.0	0.0	0	0:01:45.974806
43300	866	-1	0.0	0.0	0.0	0.0	0.0	0.0	0.0	0.0	0.0	0.0	0.0	0.0	0.0	0.0	0	0:01:46.446746
43400	868	-1	0.0	0.0	0.0	0.0	0.0	0.0	0.0	0.0	0.0	0.0	0.0	0.0	0.0	0.0	0	0:01:46.433115
43500	870	870	0.875	0.735	0.479	0.192	0.0385	0.0034	0.000123	0.875	0.56	0.198	0.0322	0.00219	5.93e-05	6.2e-07	1	0:02:00.511179
43600	872	-1	0.0	0.0	0.0	0.0	0.0	0.0	0.0	0.0	0.0	0.0	0.0	0.0	0.0	0.0	0	0:01:45.998563
43700	874	874	0.958	0.881	0.641	0.283	0.0612	0.00572	0.000216	0.958	0.765	0.391	0.101	0.0114	0.000526	9.5e-06	1	0:02:00.676676
43800	876	-1	0.0	0.0	0.0	0.0	0.0	0.0	0.0	0.0	0.0	0.0	0.0	0.0	0.0	0.0	0	0:01:45.920160
43900	878	878	0.885	0.81	0.589	0.261	0.0568	0.00532	0.000202	0.885	0.579	0.212	0.0359	0.00255	7.22e-05	7.92e-07	1	0:02:00.575648
44000	880	-1	0.0	0.0	0.0	0.0	0.0	0.0	0.0	0.0	0.0	0.0	0.0	0.0	0.0	0.0	0	0:01:46.014589
44100	882	-1	0.0	0.0	0.0	0.0	0.0	0.0	0.0	0.0	0.0	0.0	0.0	0.0	0.0	0.0	0	0:01:46.468193
44200	884	884	0.971	0.901	0.662	0.295	0.0641	0.00602	0.000228	0.97	0.813	0.455	0.133	0.0173	0.00093	1.96e-05	1	0:02:00.379233
44300	886	886	0.971	0.899	0.659	0.293	0.0636	0.00596	0.000226	0.971	0.814	0.457	0.134	0.0175	0.000943	2e-05	1	0:02:00.078726
44400	888	718	0.723	0.625	0.43	0.183	0.0384	0.00353	0.000131	0.722	0.341	0.0792	0.00797	0.000324	5.16e-06	3.14e-08	0	0:02:00.319345
44500	890	890	0.917	0.793	0.531	0.216	0.0437	0.00388	0.00014	0.917	0.65	0.269	0.0531	0.00445	0.00015	1.96e-06	1	0:02:00.127066
44600	892	442	0.599	0.462	0.284	0.11	0.0218	0.00192	6.93e-05	0.598	0.226	0.0399	0.00296	8.78e-05	1.01e-06	4.42e-09	0	0:01:59.983295
44700	894	894	0.989	0.929	0.691	0.311	0.0683	0.00645	0.000246	0.989	0.904	0.619	0.243	0.0449	0.00351	0.000109	1	0:01:59.926939
44800	896	896	0.603	0.442	0.254	0.0926	0.0175	0.00148	5.22e-05	0.603	0.23	0.041	0.00307	9.21e-05	1.07e-06	4.74e-09	1	0:01:59.945371
44900	898	-1	0.0	0.0	0.0	0.0	0.0	0.0	0.0	0.0	0.0	0.0	0.0	0.0	0.0	0.0	0	0:01:45.985794
45000	900	900	0.994	0.936	0.698	0.315	0.0693	0.00656	0.00025	0.994	0.935	0.697	0.314	0.069	0.00651	0.000248	1	0:02:00.380309
45100	902	902	0.992	0.929	0.689	0.309	0.0675	0.00635	0.000241	0.992	0.919	0.654	0.273	0.0544	0.00461	0.000157	1	0:01:59.986744
45200	904	-1	0.0	0.0	0.0	0.0	0.0	0.0	0.0	0.0	0.0	0.0	0.0	0.0	0.0	0.0	0	0:01:45.976273
45300	906	906	0.979	0.902	0.652	0.284	0.0606	0.00558	0.000208	0.979	0.849	0.512	0.166	0.0245	0.00149	3.6e-05	1	0:02:00.572109
45400	908	895	0.625	0.502	0.323	0.13	0.0265	0.00237	8.68e-05	0.624	0.247	0.046	0.00363	0.000114	1.4e-06	6.54e-09	0	0:02:00.055393
45500	910	-1	0.0	0.0	0.0	0.0	0.0	0.0	0.0	0.0	0.0	0.0	0.0	0.0	0.0	0.0	0	0:01:45.953791
45600	912	912	0.607	0.42	0.227	0.0793	0.0145	0.00121	4.22e-05	0.606	0.233	0.0418	0.00317	9.57e-05	1.12e-06	5.02e-09	1	0:02:00.561027
45700	914	914	0.958	0.882	0.643	0.284	0.0616	0.00576	0.000218	0.958	0.768	0.394	0.102	0.0116	0.000539	9.8e-06	1	0:02:00.070006
45800	916	916	0.991	0.932	0.695	0.313	0.0689	0.00651	0.000248	0.991	0.917	0.65	0.27	0.0533	0.00448	0.000151	1	0:01:59.997675
45900	918	918	0.994	0.936	0.698	0.315	0.0693	0.00656	0.00025	0.994	0.935	0.697	0.314	0.0688	0.00648	0.000246	1	0:02:00.083667
46000	920	-1	0.0	0.0	0.0	0.0	0.0	0.0	0.0	0.0	0.0	0.0	0.0	0.0	0.0	0.0	0	0:01:46.100515
46100	922	922	0.972	0.901	0.661	0.294	0.064	0.00601	0.000228	0.972	0.82	0.466	0.139	0.0186	0.00102	2.21e-05	1	0:02:00.575123
46200	924	924	0.919	0.764	0.477	0.179	0.0338	0.00283	9.81e-05	0.919	0.654	0.273	0.0544	0.00461	0.000157	2.07e-06	1	0:02:00.099195
46300	926	926	0.863	0.757	0.524	0.223	0.0469	0.0043	0.00016	0.863	0.537	0.182	0.0283	0.00182	4.67e-05	4.62e-07	1	0:02:00.166956
46400	928	-1	0.0	0.0	0.0	0.0	0.0	0.0	0.0	0.0	0.0	0.0	0.0	0.0	0.0	0.0	0	0:01:45.968052
46500	930	-1	0.0	0.0	0.0	0.0	0.0	0.0	0.0	0.0	0.0	0.0	0.0	0.0	0.0	0.0	0	0:01:46.394666
46600	932	932	0.682	0.511	0.295	0.107	0.0199	0.00166	5.78e-05	0.682	0.299	0.0634	0.00575	0.00021	2.99e-06	1.63e-08	1	0:02:00.434003
46700	934	934	0.732	0.507	0.256	0.08	0.0131	0.000995	3.2e-05	0.732	0.352	0.0836	0.00863	0.000361	5.91e-06	3.7e-08	1	0:02:00.061552
46800	936	936	0.976	0.904	0.662	0.293	0.0636	0.00594	0.000224	0.976	0.834	0.489	0.152	0.0212	0.00123	2.8e-05	1	0:01:59.964216
46900	938	938	0.601	0.436	0.251	0.0927	0.0177	0.00152	5.41e-05	0.601	0.228	0.0406	0.00303	9.05e-05	1.05e-06	4.62e-09	1	0:02:00.190971
47000	940	-1	0.0	0.0	0.0	0.0	0.0	0.0	0.0	0.0	0.0	0.0	0.0	0.0	0.0	0.0	0	0:01:45.958923
47100	942	942	0.988	0.926	0.687	0.309	0.0677	0.00638	0.000243	0.988	0.896	0.602	0.229	0.0409	0.00307	9.18e-05	1	0:02:00.473447
47200	944	946	0.688	0.592	0.408	0.174	0.0368	0.00339	0.000127	0.687	0.304	0.0651	0.00598	0.000221	3.19e-06	1.76e-08	0	0:02:01.054479
47300	946	946	0.891	0.808	0.582	0.256	0.0552	0.00515	0.000195	0.891	0.592	0.221	0.0385	0.00282	8.21e-05	9.28e-07	1	0:02:01.078948
47400	948	948	0.992	0.931	0.693	0.312	0.0686	0.00647	0.000247	0.992	0.918	0.653	0.272	0.0541	0.00458	0.000156	1	0:02:01.084155
47500	950	950	0.846	0.696	0.444	0.175	0.0347	0.00304	0.000109	0.846	0.507	0.163	0.0237	0.00143	3.41e-05	3.14e-07	1	0:02:01.069834
47600	952	90	0.936	0.839	0.592	0.254	0.0539	0.00496	0.000185	0.936	0.7	0.317	0.07	0.00664	0.000254	3.8e-06	0	0:02:01.033691
47700	954	-1	0.0	0.0	0.0	0.0	0.0	0.0	0.0	0.0	0.0	0.0	0.0	0.0	0.0	0.0	0	0:01:46.080171
47800	956	956	0.994	0.935	0.697	0.314	0.069	0.00651	0.000248	0.994	0.934	0.692	0.31	0.0672	0.00626	0.000235	1	0:02:01.455979
47900	958	483	0.66	0.517	0.322	0.126	0.025	0.0022	7.95e-05	0.659	0.278	0.0559	0.0048	0.000165	2.22e-06	1.14e-08	0	0:02:01.051838
48000	960	960	0.79	0.588	0.328	0.114	0.0204	0.00166	5.64e-05	0.79	0.424	0.116	0.0142	0.000705	1.38e-05	1.04e-07	1	0:02:01.059819
48100	962	962	0.968	0.885	0.634	0.275	0.0585	0.00539	0.000201	0.968	0.803	0.442	0.126	0.0159	0.000827	1.69e-05	1	0:02:01.075122
48200	964	-1	0.0	0.0	0.0	0.0	0.0	0.0	0.0	0.0	0.0	0.0	0.0	0.0	0.0	0.0	0	0:01:46.133337
48300	966	-1	0.0	0.0	0.0	0.0	0.0	0.0	0.0	0.0	0.0	0.0	0.0	0.0	0.0	0.0	0	0:01:46.526838
48400	968	968	0.781	0.687	0.482	0.208	0.0443	0.0041	0.000154	0.781	0.411	0.11	0.013	0.000628	1.19e-05	8.67e-08	1	0:02:01.457198
48500	970	795	0.971	0.894	0.647	0.283	0.0607	0.00562	0.00021	0.971	0.817	0.461	0.136	0.018	0.000977	2.09e-05	0	0:02:01.128882
48600	972	979	0.82	0.703	0.475	0.198	0.0411	0.00372	0.000137	0.819	0.465	0.139	0.0185	0.00101	2.19e-05	1.82e-07	0	0:02:00.963549
48700	974	974	0.993	0.934	0.696	0.314	0.069	0.00652	0.000249	0.993	0.929	0.681	0.298	0.0631	0.00571	0.000208	1	0:02:01.036465
48800	976	-1	0.0	0.0	0.0	0.0	0.0	0.0	0.0	0.0	0.0	0.0	0.0	0.0	0.0	0.0	0	0:01:46.056458
48900	978	-1	0.0	0.0	0.0	0.0	0.0	0.0	0.0	0.0	0.0	0.0	0.0	0.0	0.0	0.0	0	0:01:46.540015
49000	980	980	0.991	0.93	0.691	0.311	0.068	0.00641	0.000244	0.991	0.914	0.644	0.264	0.0514	0.00425	0.000141	1	0:02:01.408061
49100	982	982	0.949	0.847	0.591	0.25	0.0523	0.00475	0.000176	0.949	0.736	0.356	0.0855	0.00891	0.000377	6.23e-06	1	0:02:01.059702
49200	984	984	0.992	0.933	0.696	0.314	0.069	0.00653	0.000249	0.992	0.92	0.658	0.277	0.0557	0.00478	0.000164	1	0:02:01.025878
49300	986	986	0.993	0.933	0.695	0.313	0.0687	0.00648	0.000247	0.993	0.929	0.681	0.298	0.0632	0.00572	0.000209	1	0:02:00.966698
49400	988	988	0.897	0.727	0.437	0.159	0.0293	0.00241	8.23e-05	0.897	0.605	0.232	0.0415	0.00313	9.44e-05	1.1e-06	1	0:02:00.981571
49500	990	990	0.654	0.479	0.272	0.0979	0.0182	0.00152	5.31e-05	0.654	0.273	0.0544	0.00461	0.000157	2.08e-06	1.05e-08	1	0:02:01.039379
49600	992	992	0.95	0.877	0.641	0.284	0.0617	0.00577	0.000218	0.95	0.742	0.363	0.0883	0.00936	0.000403	6.77e-06	1	0:02:01.054290
49700	994	994	0.991	0.93	0.691	0.311	0.0681	0.00642	0.000244	0.991	0.917	0.65	0.27	0.0533	0.00448	0.000151	1	0:02:01.000208
49800	996	996	0.909	0.779	0.517	0.21	0.0424	0.00377	0.000137	0.909	0.63	0.252	0.0477	0.00382	0.000122	1.52e-06	1	0:02:01.114505
49900	998	998	0.606	0.558	0.409	0.182	0.0398	0.00374	0.000142	0.604	0.231	0.0413	0.00311	9.35e-05	1.09e-06	4.85e-09	1	0:02:01.003166
